1, 864, 857141, 0.142859, 0.0884045
2, 1344, 781727, 0.218273, 0.127797
3, 2022, 678575, 0.321425, 0.182501
4, 2105, 666463, 0.333537, 0.188458
5, 2238, 648282, 0.351718, 0.197857
6, 2523, 607982, 0.392018, 0.217301
7, 2811, 569747, 0.430253, 0.235727
8, 2984, 546490, 0.45351, 0.247008
9, 4149, 405362, 0.594638, 0.326274
10, 4956, 318646, 0.681354, 0.376195
11, 5186, 294303, 0.705697, 0.390272
12, 5265, 286213, 0.713787, 0.394808
13, 5935, 225306, 0.774694, 0.435666
14, 6007, 219129, 0.780871, 0.440254
15, 6479, 183151, 0.816849, 0.46675
16, 6613, 174089, 0.825911, 0.473393
17, 6704, 168453, 0.831547, 0.478031
18, 7089, 143389, 0.856611, 0.496793
19, 7116, 141518, 0.858482, 0.498187
20, 7174, 138700, 0.8613, 0.500758
40, 9161, 69756, 0.930244, 0.592701
60, 10157, 58388, 0.941612, 0.633967
80, 11639, 50523, 0.949477, 0.693541
100, 12754, 47110, 0.95289, 0.73501
120, 13560, 45185, 0.954815, 0.764705
140, 14434, 42764, 0.957236, 0.799483
160, 15433, 40391, 0.959609, 0.835463
180, 16124, 38751, 0.961249, 0.859887
200, 16994, 36817, 0.963183, 0.890763
220, 17755, 35083, 0.964917, 0.917641
240, 18949, 32389, 0.967611, 0.959408
260, 19671, 30755, 0.969245, 0.984467
280, 20480, 29014, 0.970986, 1.01188
300, 21103, 27637, 0.972363, 1.03428
320, 22047, 25626, 0.974374, 1.06597
340, 22926, 23738, 0.976262, 1.09516
360, 23663, 22169, 0.977831, 1.12048
380, 24173, 21089, 0.978911, 1.13744
400, 24796, 19798, 0.980202, 1.15781
420, 25440, 18479, 0.981521, 1.17871
440, 26145, 17024, 0.982976, 1.20185
460, 26513, 16288, 0.983712, 1.2133
480, 27023, 15248, 0.984752, 1.22951
500, 27579, 14143, 0.985857, 1.24699
520, 28122, 13046, 0.986954, 1.26431
540, 28658, 12002, 0.987998, 1.28192
560, 29012, 11332, 0.988668, 1.29531
580, 29621, 10143, 0.989857, 1.31721
600, 30096, 9268, 0.990732, 1.33176
620, 30774, 8001, 0.991999, 1.3518
640, 31096, 7434, 0.992566, 1.36097
660, 31424, 6842, 0.993158, 1.37043
680, 31749, 6250, 0.99375, 1.37976
700, 32109, 5619, 0.994381, 1.39193
720, 32466, 5002, 0.994998, 1.40232
740, 32768, 4498, 0.995502, 1.41064
760, 33031, 4074, 0.995926, 1.41858
780, 33269, 3677, 0.996323, 1.4265
800, 33621, 3094, 0.996906, 1.43703
820, 33857, 2723, 0.997277, 1.44341
840, 34082, 2367, 0.997633, 1.44951
860, 34272, 2071, 0.997929, 1.45576
880, 34517, 1706, 0.998294, 1.46261
900, 34690, 1460, 0.99854, 1.46777
920, 34836, 1254, 0.998746, 1.4715
940, 35020, 1003, 0.998997, 1.47622
960, 35146, 833, 0.999167, 1.47929
980, 35330, 591, 0.999409, 1.48394
1000, 35506, 375, 0.999625, 1.48815
1020, 35643, 217, 0.999783, 1.49127
1040, 35800, 49, 0.999951, 1.495
Cache Hit of SplitBucket: 422395 Total Call: 508033
Total AGM Call: 1178005
Total AGM Time: 0.0432474
Total Count Oracle Time: 0.459691
Total Split Time: 0.913991
Total Split Call: 100510
Total Cache Hit Time: 0.346073
1044, 35846, 0, 1, 1.49623
