835|542
605|509
59|378
762|883
985|390
110|763
161|962
90|691
364|492
797|987
173|268
462|30
313|742
122|753
984|384
983|535
570|360
189|463
821|290
10|41
265|740
785|404
761|948
812|642
882|909
832|76
586|371
318|863
355|759
351|401
431|692
63|401
284|302
441|786
62|10
469|382
410|482
162|755
282|947
600|115
141|343
7|172
642|19
191|759
562|670
206|567
595|794
445|492
952|966
744|647
744|646
703|960
603|979
398|233
714|324
529|979
572|679
862|711
101|821
359|141
533|223
473|551
394|310
343|175
928|801
270|878
695|928
996|406
309|446
464|578
1000|588
560|20
485|891
748|644
371|859
185|811
210|372
119|227
246|64
894|268
497|930
219|805
627|74
560|376
550|259
985|141
1|551
51|794
34|1
546|280
338|316
585|210
550|958
960|114
339|38
804|555
979|1
589|249
592|759
953|372
717|690
257|144
641|292
981|289
580|798
850|225
489|148
503|22
188|123
269|985
159|989
894|638
545|718
980|260
319|93
288|855
589|283
274|945
222|918
566|275
243|113
413|713
918|680
816|103
58|969
861|145
472|61
909|863
959|581
175|139
206|988
448|402
301|885
934|225
952|800
598|895
199|736
621|863
905|11
925|13
313|775
561|351
86|228
946|11
722|822
483|761
189|487
92|894
452|174
501|929
209|591
172|998
228|107
422|95
347|493
99|472
205|582
656|756
842|795
3|159
687|283
883|142
331|778
851|956
544|286
496|734
455|76
519|461
205|405
418|871
216|181
373|642
78|377
314|286
302|272
956|410
748|783
349|770
397|305
53|866
36|781
517|846
75|333
280|91
618|361
491|765
958|26
77|263
688|629
636|399
878|917
166|917
844|744
696|926
299|392
795|231
120|790
653|273
636|267
535|988
966|700
885|318
10|979
575|664
296|249
6|450
560|223
498|19
277|376
652|868
152|819
219|910
182|683
829|716
546|538
101|352
619|660
657|521
631|368
565|571
711|557
372|927
107|54
428|77
729|48
792|755
992|89
832|440
907|641
555|114
741|401
410|515
961|251
918|174
77|814
428|501
118|451
800|812
42|261
196|496
952|117
735|625
154|616
739|447
591|866
568|31
894|958
883|321
812|517
507|446
434|790
704|185
289|696
217|423
55|117
830|835
485|221
576|925
630|891
5|304
727|500
690|253
426|541
602|355
41|436
439|243
657|642
323|361
844|239
652|902
106|563
517|983
755|487
572|133
544|21
5|66
811|845
126|2
943|341
984|47
652|506
375|271
670|46
892|691
162|70
181|598
127|247
218|132
714|359
504|93
497|406
633|26
811|374
624|998
643|714
307|367
777|681
489|411
599|296
630|977
185|640
658|589
111|28
73|100
998|8
640|568
438|419
189|672
938|518
338|713
880|153
558|214
530|426
292|715
991|372
744|679
34|234
971|834
762|673
882|229
400|726
181|444
38|769
934|135
322|427
872|424
375|643
183|938
797|154
525|150
848|104
976|965
809|70
757|368
699|501
111|812
269|57
508|672
318|732
958|668
899|88
451|712
184|72
635|549
987|967
908|996
124|258
967|380
120|973
585|885
848|768
896|538
337|765
660|789
889|855
757|17
807|312
242|912
619|532
430|822
63|726
328|210
190|440
118|982
607|28
739|956
481|49
396|250
652|957
630|366
641|93
901|56
102|763
108|987
951|482
419|982
682|449
424|996
553|465
12|796
9|92
814|258
83|222
749|330
618|639
22|800
106|116
453|441
125|669
383|223
370|443
777|3
329|626
25|824
346|879
517|615
660|310
725|444
246|162
718|694
959|878
198|741
838|679
313|423
809|562
710|302
499|547
559|51
489|886
680|427
322|893
354|331
436|674
15|122
747|118
12|12
712|123
117|619
703|837
21|903
926|455
597|371
992|381
729|279
824|62
851|68
874|582
10|540
544|285
684|435
264|956
456|323
371|102
158|609
269|650
89|315
985|977
699|225
305|386
840|674
22|465
526|250
197|844
993|319
827|185
357|111
709|829
240|183
160|203
207|990
23|556
370|600
369|905
343|637
323|567
631|714
185|484
245|67
72|418
29|487
838|421
237|355
76|424
407|849
110|386
323|930
8|511
729|458
953|202
389|79
148|948
75|404
404|236
766|373
203|695
805|430
891|319
667|418
20|308
36|958
13|279
339|570
620|328
21|650
629|51
929|160
850|406
57|585
489|564
668|685
107|328
809|983
247|204
186|451
191|486
389|109
307|545
128|947
236|101
13|157
455|650
969|860
614|747
884|937
7|80
349|921
779|656
660|189
841|513
928|760
276|364
252|969
121|17
518|78
156|579
539|838
385|663
784|286
405|772
919|58
14|403
652|255
954|747
942|41
378|772
708|83
474|955
845|546
468|508
310|446
482|31
184|449
688|534
49|826
387|731
33|100
657|758
611|608
768|206
317|537
672|700
333|591
532|704
255|781
967|969
155|270
604|727
861|694
559|454
553|156
421|50
946|282
374|835
363|767
772|611
406|87
105|393
379|940
273|54
366|811
917|860
124|71
786|893
127|683
284|262
215|178
684|202
910|461
547|831
12|547
931|135
389|49
981|93
532|860
10|212
709|292
579|477
774|901
536|213
746|390
5|960
99|391
778|625
953|417
108|376
508|364
685|82
5|360
502|15
651|315
813|345
933|702
405|854
237|941
91|119
981|518
986|636
72|360
73|608
386|853
189|166
262|948
706|679
485|814
285|406
901|234
196|152
807|207
89|507
391|610
459|784
230|927
473|408
949|216
641|213
499|850
901|405
429|647
372|496
879|457
356|79
684|871
692|19
206|279
814|147
312|572
697|380
939|649
953|292
404|458
461|839
293|376
503|999
933|747
645|245
973|535
665|342
186|218
454|902
134|369
372|151
335|416
685|916
60|51
675|233
695|110
784|441
720|894
852|690
686|417
174|348
969|7
384|334
841|874
104|885
625|184
598|673
910|995
716|246
805|564
738|288
652|730
680|571
720|39
979|67
591|222
680|549
56|432
515|449
917|746
958|822
507|408
266|96
430|244
534|250
15|232
860|497
902|180
868|61
27|77
291|851
595|789
666|151
975|715
234|965
663|590
743|991
760|448
858|558
479|58
951|770
768|860
134|461
825|197
82|339
167|188
512|199
152|173
122|421
227|282
568|88
907|878
266|67
356|92
780|902
110|311
866|543
257|33
958|885
935|969
879|989
172|8
84|639
309|404
445|70
254|997
986|672
615|587
648|883
380|421
82|831
896|986
748|153
277|19
976|282
823|624
380|502
312|987
29|159
45|410
133|790
495|32
99|229
868|502
976|747
488|363
38|13
850|418
734|198
709|130
209|255
436|906
279|356
22|763
469|595
197|845
140|708
950|327
776|853
532|73
153|744
858|679
755|120
311|298
175|763
435|677
462|129
369|566
43|135
150|913
506|902
465|229
521|562
427|664
294|791
623|565
87|8
710|488
632|650
330|832
458|69
441|994
53|623
533|501
91|756
619|120
561|359
375|990
528|128
46|504
733|99
172|690
219|6
98|587
114|156
786|728
839|649
642|165
689|50
632|201
24|106
754|98
511|427
625|959
679|383
997|84
155|26
898|864
102|931
653|875
577|442
426|474
747|193
332|583
281|265
770|429
797|302
863|76
668|474
349|688
944|907
573|65
325|272
356|543
61|910
338|440
697|150
572|10
122|376
4|700
568|192
902|150
435|932
707|518
884|723
764|324
717|272
19|934
39|407
747|546
869|106
826|337
264|589
828|984
803|937
956|310
977|711
646|896
72|537
706|834
196|704
707|145
919|439
418|733
920|963
43|892
479|699
633|46
443|722
56|43
259|255
139|296
179|184
784|673
780|873
622|194
292|925
736|461
361|635
755|670
696|849
175|691
999|616
554|388
296|396
225|693
592|909
984|660
5|480
451|548
152|162
467|731
101|855
370|213
845|675
525|422
422|939
59|987
103|945
113|146
678|237
335|506
898|588
116|319
889|453
54|447
673|393
388|975
734|234
226|252
948|383
337|922
103|639
560|811
343|732
378|727
358|24
179|514
296|314
759|776
553|488
172|701
766|659
687|192
933|789
67|40
798|361
217|479
331|195
494|82
267|668
317|910
451|921
942|819
226|420
821|317
994|628
190|541
252|943
550|933
963|581
805|338
523|455
606|587
378|789
526|25
298|174
356|331
743|759
550|448
685|436
40|294
910|391
170|421
133|379
704|120
287|581
77|190
218|342
926|901
49|671
996|318
770|103
516|958
464|964
821|918
311|549
674|77
584|774
595|387
386|959
219|601
865|72
218|208
79|82
72|526
147|612
526|30
97|587
831|403
737|876
77|747
821|46
607|699
551|992
585|182
556|101
115|3
207|919
475|597
234|537
634|657
167|241
250|398
893|3
272|636
995|841
103|892
766|708
611|372
50|137
866|671
172|744
360|282
346|269
671|178
699|590
604|861
1|657
574|884
616|711
259|628
408|30
439|273
912|655
246|630
164|823
58|13
717|684
341|388
122|586
740|496
298|913
6|665
502|650
988|891
850|34
673|870
650|301
201|519
488|1
649|238
204|333
788|130
685|272
837|233
152|450
361|564
472|774
870|292
862|713
11|608
368|464
812|747
814|984
567|527
508|996
991|353
903|130
197|338
636|707
381|831
778|412
780|392
144|13
625|948
227|543
703|436
637|261
561|807
825|818
655|322
669|23
307|782
901|950
865|769
105|802
979|399
369|304
352|153
431|876
913|790
617|618
260|225
94|266
108|980
229|943
658|586
184|528
126|287
8|534
146|75
376|293
243|953
975|85
706|361
301|744
359|449
865|895
609|602
165|85
184|20
858|332
728|189
237|515
519|824
925|675
586|397
381|167
1000|350
97|18
372|100
725|929
974|525
269|224
559|265
596|357
547|673
803|273
898|799
365|624
652|707
373|949
594|345
27|416
414|603
912|184
488|345
760|353
878|458
660|812
41|118
911|581
965|688
172|499
433|488
56|280
697|919
208|77
612|926
202|499
779|684
988|135
946|454
823|743
250|647
281|330
925|367
393|215
506|723
232|398
173|600
597|590
975|235
394|394
991|736
732|299
732|846
566|166
97|970
696|136
535|713
553|866
920|637
177|228
861|411
618|703
606|640
833|734
173|119
500|674
144|278
728|125
4|119
7|36
733|359
40|836
227|825
664|629
639|706
173|68
174|968
664|447
125|714
48|128
984|866
237|598
791|902
404|527
771|571
126|777
465|533
34|120
704|644
572|443
931|696
161|678
105|124
933|3
293|755
769|704
7|156
551|480
626|588
66|141
244|411
285|366
804|779
524|948
549|915
368|633
803|936
337|963
711|540
910|544
591|923
9|663
86|362
714|333
620|497
985|338
915|296
542|999
476|394
499|392
697|883
980|365
457|657
282|746
680|991
767|239
898|407
436|307
161|652
18|27
714|278
516|404
988|283
154|597
278|297
576|483
512|779
788|435
920|676
417|723
330|993
248|733
702|279
316|573
700|10
112|346
240|711
811|469
89|825
544|982
731|764
413|163
77|985
5|302
428|583
653|352
722|367
61|499
77|242
459|678
73|985
817|354
119|667
360|973
754|917
414|109
212|86
447|300
721|107
950|5
562|884
209|116
292|619
381|218
316|549
45|148
952|868
829|759
302|433
635|372
570|974
232|348
675|723
162|729
144|255
484|140
291|222
502|648
138|272
265|267
664|145
802|726
172|272
277|591
487|542
763|762
567|607
194|177
145|414
804|730
286|788
261|59
229|252
518|830
962|989
643|352
27|688
400|823
683|665
678|915
521|248
602|407
74|263
9|888
857|627
285|412
245|843
191|190
64|500
676|711
495|579
84|581
526|977
78|341
776|173
497|155
529|829
904|497
231|815
244|721
251|127
782|273
90|787
868|151
188|871
130|51
922|363
694|372
987|883
200|389
966|465
115|189
552|255
29|180
672|799
723|399
835|930
341|407
711|779
971|964
419|136
531|468
747|25
858|823
156|964
469|154
132|319
929|786
571|294
624|296
883|685
778|311
180|578
876|843
807|400
835|653
917|685
108|577
324|206
293|484
636|243
774|928
544|855
458|976
104|652
118|556
918|155
914|952
166|898
522|566
425|790
986|507
754|658
219|80
672|83
751|836
500|524
44|246
327|816
937|264
695|141
18|435
90|992
591|374
711|888
729|804
229|50
514|758
280|728
406|331
66|258
571|289
623|210
606|924
713|633
228|522
144|119
937|115
285|362
567|240
244|903
502|740
325|101
343|878
102|291
487|761
377|315
404|961
762|655
373|563
683|803
267|503
448|1000
639|533
805|989
897|291
770|803
966|793
992|958
434|552
247|764
156|908
788|367
857|333
373|86
345|926
779|864
803|696
411|232
250|129
519|518
531|979
43|529
164|515
573|996
457|927
799|359
530|497
191|264
582|38
818|970
895|362
287|465
945|56
268|865
573|772
873|346
917|58
594|225
906|884
898|288
390|368
928|278
919|38
879|215
762|796
215|304
435|388
549|784
541|583
13|716
77|935
793|507
269|537
906|786
715|56
422|892
850|435
951|192
376|40
92|300
90|387
501|606
457|312
635|159
961|652
576|673
61|425
996|311
733|283
894|231
585|986
135|975
522|345
522|98
175|27
271|976
802|17
949|231
231|632
561|685
551|840
8|784
208|744
451|845
457|347
410|757
625|139
807|571
843|906
274|260
32|435
978|660
77|440
536|334
624|888
747|747
418|726
932|348
50|651
467|280
53|890
457|24
919|283
140|128
677|879
170|593
612|694
82|958
952|953
749|540
200|959
23|87
629|331
279|948
44|906
991|900
399|982
424|892
423|709
158|832
666|236
348|384
69|81
807|281
341|468
260|165
494|201
317|473
868|277
944|696
276|347
111|746
162|31
635|595
897|690
181|558
551|860
632|503
682|374
120|123
723|463
153|971
408|895
822|99
173|765
208|205
167|583
171|269
338|982
917|678
328|122
809|628
870|899
853|417
621|302
535|995
592|5
664|172
354|765
470|942
457|990
419|234
815|923
702|134
106|120
747|318
440|781
521|489
482|622
142|646
73|807
407|997
564|870
248|485
337|79
955|830
547|891
149|59
868|218
75|460
387|451
64|171
237|679
67|46
497|62
165|543
326|862
308|332
464|15
148|796
328|814
399|606
5|188
265|78
656|337
852|431
779|563
55|316
532|210
565|150
516|816
870|900
375|301
113|412
70|468
826|843
151|611
314|853
781|702
387|325
249|90
968|659
110|584
68|587
164|361
739|85
702|294
58|561
388|691
306|369
153|580
279|853
451|340
950|290
4|658
820|28
634|97
844|128
867|42
364|151
192|264
893|680
150|605
979|138
123|108
125|940
617|91
165|548
131|614
635|79
42|464
838|103
436|893
4|210
86|701
689|738
228|142
364|822
565|400
953|747
312|54
839|549
245|255
401|994
958|379
667|785
954|216
727|403
481|261
706|269
777|661
70|358
608|157
223|522
71|390
157|536
846|333
501|496
226|51
579|408
391|677
333|632
889|460
377|94
381|230
706|630
970|938
426|729
407|279
319|483
675|553
312|184
134|483
248|794
952|129
126|584
945|30
561|549
89|604
948|255
492|257
635|898
446|448
169|174
120|963
724|430
643|622
729|475
920|869
306|800
316|903
7|221
317|957
42|565
879|92
782|168
20|229
148|579
123|843
940|32
11|352
690|476
137|822
74|369
746|44
510|650
768|826
17|996
401|318
188|855
47|954
723|944
459|29
76|822
978|436
261|255
27|183
172|600
646|207
708|134
788|739
582|388
358|352
649|582
72|951
405|612
443|737
364|246
983|70
405|785
257|346
66|930
175|463
7|181
126|852
816|838
762|651
692|760
521|989
776|742
860|826
137|301
270|56
220|607
304|345
745|760
525|324
444|701
184|318
659|49
517|340
573|743
951|690
264|240
549|920
631|311
243|645
225|648
813|654
77|246
259|309
499|461
180|464
930|858
146|949
963|201
657|493
279|534
994|798
354|679
57|155
515|645
850|210
783|586
557|841
725|101
537|677
855|644
34|926
941|790
644|979
880|215
174|288
975|727
172|484
91|158
202|290
161|4
522|416
430|994
414|843
640|231
421|702
949|225
489|49
462|81
206|775
95|500
611|91
832|843
359|566
535|432
556|290
531|663
553|168
853|676
602|373
169|778
297|338
545|144
661|843
941|492
794|333
136|980
886|692
36|280
431|793
59|260
606|858
214|95
861|415
62|197
210|984
506|876
230|855
869|478
823|713
104|785
911|292
662|637
78|788
189|292
459|681
679|7
507|958
937|618
413|285
708|242
303|212
128|179
428|794
677|382
134|353
847|831
578|51
988|900
588|1000
548|959
348|941
388|829
277|138
779|514
598|713
367|720
506|506
531|500
839|944
706|551
766|564
194|443
842|369
140|423
27|920
168|681
825|11
399|351
935|70
564|558
669|808
146|237
277|13
164|248
335|31
783|549
336|911
277|613
94|309
895|755
177|133
597|198
747|531
522|766
595|723
282|464
841|96
631|952
705|893
900|842
277|645
508|497
536|724
614|264
731|456
492|751
327|549
407|1
399|848
222|908
297|684
948|994
808|416
832|896
884|413
578|210
353|604
607|231
855|15
493|295
877|43
267|207
503|650
906|350
318|406
569|423
839|138
764|157
490|434
272|15
709|619
831|521
522|165
466|564
43|591
810|866
440|39
141|986
710|730
680|183
111|54
624|817
984|370
652|57
251|87
498|621
507|982
638|625
641|527
330|256
633|311
709|767
985|413
686|571
297|175
919|725
82|600
918|500
743|210
835|919
163|702
907|673
496|543
942|136
962|149
808|675
542|421
292|134
557|192
84|949
813|143
859|521
396|365
460|609
286|168
363|45
773|526
118|887
838|13
371|915
487|427
186|377
67|203
158|990
548|194
365|671
568|538
646|851
170|285
248|831
948|15
6|662
386|882
701|526
437|597
392|932
636|872
282|938
67|124
92|819
211|295
682|888
406|218
526|410
625|311
7|6
568|262
647|273
867|480
686|97
841|488
283|342
307|776
970|162
931|605
313|504
811|305
348|548
571|189
685|868
545|706
927|694
219|524
441|1
940|399
431|509
121|645
66|668
312|684
387|483
808|897
694|956
345|85
984|360
652|575
336|640
82|349
251|391
431|476
602|264
169|34
696|814
506|638
913|74
451|809
279|416
246|496
583|943
68|548
230|520
17|266
624|140
138|599
25|152
807|809
260|940
129|59
874|751
243|642
27|938
17|498
784|607
399|366
905|603
581|609
785|289
300|637
541|984
709|384
86|554
959|633
623|59
447|433
866|712
25|233
481|961
910|508
414|886
867|145
526|960
645|226
71|872
725|495
15|292
649|288
751|773
69|616
990|634
986|341
471|164
179|187
67|972
380|570
836|101
959|510
11|492
357|679
431|984
972|201
800|638
968|360
237|587
70|386
936|616
900|296
824|362
27|47
24|69
327|769
157|438
713|955
229|566
762|630
170|235
675|802
88|482
199|783
1000|728
897|734
583|582
893|532
268|163
343|395
358|346
582|846
293|644
612|495
329|663
353|733
759|362
103|348
383|933
882|213
280|337
636|467
549|617
828|896
792|321
207|543
294|621
849|775
690|468
333|583
871|254
103|150
685|586
868|134
248|974
671|325
178|142
862|784
37|776
220|863
552|573
405|679
369|414
858|222
606|357
854|437
830|512
167|654
663|261
747|907
260|82
120|105
785|929
335|275
233|642
439|688
293|651
738|935
968|616
795|541
331|959
260|831
940|676
726|166
548|468
283|452
22|282
142|98
449|629
416|300
820|13
982|532
904|412
468|292
398|8
40|943
765|800
47|638
100|972
961|533
230|874
377|664
392|754
945|682
903|444
800|754
692|490
942|294
749|600
707|373
157|82
931|384
503|605
311|716
553|282
772|788
870|713
369|601
879|321
523|514
217|850
363|342
978|375
521|338
22|449
417|881
481|358
218|91
190|76
524|142
270|114
109|657
31|846
223|241
32|542
285|356
942|542
217|795
446|988
874|929
839|16
77|771
126|519
357|704
282|606
733|567
663|840
362|702
923|205
859|811
773|811
915|48
588|116
256|681
162|626
263|420
740|892
794|280
155|122
303|358
839|855
525|176
852|142
183|783
732|149
464|774
858|107
959|731
13|953
616|426
688|735
482|360
62|632
2|78
127|414
216|319
783|615
490|496
1|432
745|928
394|904
59|302
844|164
247|637
658|758
370|468
474|648
301|601
702|482
732|339
674|649
86|455
275|158
291|213
46|588
585|593
293|78
170|142
503|518
330|626
76|594
273|716
148|387
66|601
497|789
122|360
310|449
59|816
193|567
891|434
475|293
59|416
469|113
152|355
497|57
482|355
868|547
803|90
893|126
293|34
863|517
879|696
855|988
552|661
974|678
868|836
608|786
109|488
944|926
52|104
209|611
66|133
563|645
616|592
263|737
807|634
916|644
194|571
551|373
95|3
876|220
252|486
6|516
688|91
659|853
312|171
502|121
629|673
418|132
297|991
469|118
292|264
875|66
715|901
934|180
498|290
159|712
711|635
608|802
151|963
441|101
349|39
210|299
377|708
997|394
35|512
82|825
880|300
446|306
613|98
513|82
494|498
275|955
122|12
784|257
427|430
128|211
267|684
281|223
153|742
967|914
979|586
158|954
624|521
457|846
472|779
670|677
560|694
981|720
270|647
289|42
387|942
156|353
568|892
758|899
668|572
162|434
789|72
462|975
520|473
738|712
777|76
426|255
516|217
291|547
465|851
974|132
624|975
709|884
676|594
710|502
40|566
234|219
714|261
350|606
128|218
722|252
663|919
899|387
817|825
574|464
255|837
771|46
533|110
423|532
560|329
273|159
812|168
649|481
290|272
4|961
793|602
91|715
186|994
547|216
581|941
489|76
405|108
128|863
165|598
390|750
556|655
298|535
974|34
679|849
439|67
722|224
90|265
849|886
574|485
247|648
836|60
343|950
181|127
633|950
179|812
100|708
751|833
93|455
618|568
711|383
677|831
992|90
85|118
228|387
822|44
594|524
665|226
264|740
878|121
443|636
271|338
639|515
829|389
181|925
975|757
758|490
681|902
3|348
198|497
683|347
382|209
65|912
874|718
874|451
83|590
326|885
544|259
813|975
660|978
204|795
29|659
367|928
908|225
510|415
883|555
633|340
604|153
304|994
912|386
846|986
379|842
516|710
233|220
37|189
568|717
124|2
273|807
761|835
325|274
957|216
539|368
816|465
922|685
588|257
685|992
661|254
434|131
603|890
593|938
890|585
974|685
346|215
865|233
540|870
597|300
196|49
384|203
551|991
914|431
509|255
144|918
332|808
461|343
945|910
28|909
903|372
382|693
23|194
675|934
482|663
977|154
2|236
974|469
718|593
379|908
998|422
532|981
548|76
83|471
586|620
539|227
260|273
111|389
610|785
289|889
160|815
710|476
117|126
127|168
548|102
210|57
145|618
848|812
760|214
247|113
209|177
732|167
764|294
906|590
980|701
837|168
681|716
297|651
434|413
183|658
337|540
737|559
613|734
534|455
783|504
995|533
661|662
829|56
828|807
113|157
123|973
785|175
226|655
922|308
993|972
572|294
504|993
418|482
730|217
66|450
260|245
57|37
791|719
989|61
611|23
945|436
535|431
66|545
9|797
622|840
836|200
228|434
943|609
773|660
563|633
660|531
828|994
318|947
131|530
945|919
578|604
111|84
134|891
115|275
603|81
773|402
423|10
471|801
615|657
727|706
818|770
713|648
927|478
990|438
488|478
289|680
945|914
69|886
663|165
633|890
535|1000
561|436
108|589
318|822
568|49
848|868
212|214
599|910
645|977
924|126
576|304
207|915
718|771
919|626
420|102
331|183
828|976
455|350
122|38
820|598
617|431
218|492
42|216
839|818
705|78
686|980
151|31
61|555
744|835
773|21
835|276
671|342
721|343
581|93
96|666
659|599
255|214
983|902
991|112
234|264
577|917
47|970
973|749
301|11
159|19
913|327
585|431
679|752
818|667
330|378
797|835
651|909
3|558
594|39
875|556
503|110
475|31
422|703
880|315
347|217
403|587
841|292
488|463
96|449
930|724
160|558
744|493
320|436
814|369
640|196
834|612
79|22
182|418
490|937
213|868
444|669
838|98
816|383
505|908
962|974
624|114
625|433
830|634
987|615
872|751
40|743
313|821
638|560
929|127
105|571
541|899
153|195
137|389
922|30
696|732
452|82
826|517
346|897
801|676
215|695
625|674
87|422
792|339
893|503
708|525
351|50
317|440
902|791
413|257
381|497
436|746
379|547
807|260
233|636
662|476
300|716
854|275
983|898
146|994
249|406
195|875
401|881
994|296
794|981
179|691
711|806
635|787
119|387
246|108
981|77
828|283
462|947
640|995
346|755
739|834
391|654
261|669
630|557
199|641
850|101
308|967
174|750
357|590
694|364
320|215
390|287
621|992
749|975
164|724
137|45
944|869
978|96
373|166
156|809
139|483
607|693
746|194
660|138
751|87
232|946
156|226
793|200
602|160
671|939
584|497
701|265
756|257
609|785
236|982
113|786
1|309
695|295
446|532
782|441
375|134
662|391
776|51
483|327
587|272
608|112
942|864
49|16
877|208
631|393
338|696
295|576
281|496
789|559
808|626
910|330
696|115
76|730
671|31
820|738
691|627
679|864
156|968
249|366
97|723
871|53
495|37
822|353
762|241
772|126
113|921
103|730
827|303
601|697
175|615
450|108
720|710
792|645
671|50
313|955
126|158
223|6
482|492
943|30
110|123
266|475
207|925
837|934
530|120
563|397
975|187
638|990
367|961
633|791
844|464
919|975
675|927
784|865
285|647
351|616
947|333
762|531
269|185
362|453
521|428
311|237
648|560
729|722
47|212
661|805
707|358
370|369
712|820
640|392
915|591
289|812
476|832
183|791
633|398
23|104
306|139
908|710
602|916
582|105
260|515
166|688
829|150
353|182
254|187
528|876
979|405
993|777
797|972
257|310
185|57
283|660
123|910
156|301
967|238
207|865
378|391
270|877
673|307
180|324
36|701
702|314
105|617
916|575
881|397
174|100
957|232
417|777
599|111
313|725
220|213
470|51
214|970
667|777
124|661
39|585
876|556
628|882
227|658
320|131
976|417
390|343
5|425
391|338
425|942
150|505
843|156
179|1000
122|259
830|956
640|354
142|999
605|985
69|276
51|143
211|968
913|968
197|153
169|892
403|11
669|965
932|481
786|363
393|869
876|11
733|731
330|442
552|370
640|823
529|809
6|339
97|891
652|682
364|366
513|150
491|307
857|452
888|385
72|759
274|294
592|617
532|684
617|277
903|295
535|204
715|18
408|9
386|519
956|713
440|871
38|512
797|444
426|490
604|896
343|67
973|54
150|107
112|472
726|261
60|197
17|767
541|218
836|553
366|470
721|578
224|842
346|767
361|277
923|654
51|638
934|222
772|609
717|167
127|697
255|58
73|474
157|412
947|762
464|714
545|898
342|151
196|610
484|184
492|452
732|789
999|195
405|376
621|351
126|249
344|153
325|732
170|883
958|7
635|989
758|688
662|903
910|819
468|507
743|892
148|156
604|914
545|445
577|528
450|483
840|419
218|667
593|453
245|167
477|703
785|832
276|658
401|763
465|882
780|893
715|130
176|447
721|720
713|786
108|607
887|663
128|562
286|797
603|621
631|403
411|90
233|779
719|788
86|600
256|422
961|909
59|745
974|359
510|288
218|997
851|911
934|263
673|375
504|571
993|191
418|889
95|566
894|819
606|168
718|430
808|736
286|958
681|620
969|665
648|290
392|787
942|538
442|480
336|373
516|464
70|239
212|73
457|866
681|769
485|749
75|787
597|963
478|583
462|319
548|386
917|307
541|541
515|177
339|189
274|747
230|468
495|419
611|403
657|504
276|766
897|757
774|745
158|314
978|298
39|233
202|716
934|220
47|178
825|170
641|83
540|842
598|519
306|398
443|296
188|446
452|470
5|320
69|32
202|723
290|984
166|590
921|737
300|316
628|51
226|929
351|328
235|124
177|297
644|848
686|521
208|275
750|882
511|552
134|196
785|4
213|223
415|583
806|341
953|175
855|237
450|49
773|280
32|791
967|854
512|679
4|881
838|21
519|531
437|619
843|983
817|203
541|817
205|722
176|332
599|738
881|161
122|124
82|207
653|637
284|902
60|515
716|933
936|966
46|217
871|365
179|165
9|665
896|544
173|811
597|260
5|536
514|3
770|320
224|336
241|439
523|535
276|49
826|460
451|828
498|81
517|427
157|142
231|631
489|618
116|152
880|113
511|264
295|471
847|301
846|187
489|987
869|675
832|229
452|183
555|1000
562|775
590|126
682|323
771|52
363|727
201|771
321|246
107|932
754|482
613|657
698|633
943|956
646|372
171|689
117|62
406|797
354|203
602|908
52|338
719|32
197|970
569|889
148|953
205|506
704|347
738|552
959|275
408|640
508|26
619|236
658|191
705|586
159|528
326|167
968|284
796|1
143|428
983|153
937|120
835|126
906|988
911|886
199|926
660|640
13|991
688|594
382|388
626|933
41|158
787|585
971|956
341|286
653|421
259|822
184|215
895|396
523|25
72|323
133|35
268|895
980|495
269|822
314|291
909|501
636|896
536|592
498|324
579|325
986|259
664|323
384|511
734|20
831|937
806|501
532|889
806|423
306|294
240|397
458|946
396|888
313|60
717|948
242|439
536|818
222|121
753|374
802|380
548|533
10|929
92|218
72|966
240|340
279|880
699|603
646|807
306|916
84|727
93|173
358|448
592|670
144|131
924|514
449|385
589|650
230|21
843|207
625|960
236|820
594|62
86|177
966|683
912|296
157|785
640|912
386|295
82|504
578|789
734|700
139|704
220|170
497|125
892|72
147|335
960|395
40|448
915|539
624|468
618|254
447|906
807|880
807|452
946|388
169|479
708|503
951|560
338|542
102|878
566|602
445|187
775|236
364|74
435|632
386|525
471|549
852|864
903|736
341|229
965|254
121|722
226|690
833|237
663|737
171|933
29|981
688|922
152|100
617|13
559|442
227|260
715|347
514|230
757|657
650|430
965|959
982|926
388|438
385|3
3|566
656|213
950|120
582|686
251|380
648|479
889|409
629|933
956|564
483|591
59|487
784|936
755|331
591|588
152|671
288|615
388|47
169|815
870|145
471|15
240|909
51|581
176|382
635|103
355|675
519|605
204|225
823|82
989|858
532|797
124|574
151|168
793|423
849|99
528|284
481|597
216|739
688|324
580|629
949|453
586|539
684|783
967|689
95|888
275|281
823|911
115|297
657|671
598|878
899|219
278|420
850|287
992|927
76|841
962|60
649|110
479|345
589|783
530|264
718|480
630|327
822|953
504|309
751|20
451|884
38|129
840|138
280|575
782|660
837|742
447|260
465|147
193|67
88|352
292|265
298|833
61|159
558|484
713|963
453|46
441|49
317|852
371|866
83|737
754|696
705|223
396|645
485|532
263|514
254|158
756|574
933|595
699|381
797|683
324|41
565|596
28|695
411|109
131|75
470|525
900|110
479|91
431|477
954|122
477|926
417|57
474|419
728|185
382|325
974|130
57|645
532|368
205|1
599|949
269|436
551|774
538|793
226|201
298|909
96|845
953|20
558|559
375|987
559|433
833|446
214|858
549|818
400|687
256|67
384|829
298|464
374|467
311|706
778|408
97|749
369|38
113|209
941|86
912|682
894|89
549|509
576|104
720|195
764|562
710|676
748|880
550|301
34|549
871|592
972|195
938|935
138|744
906|419
721|280
361|290
321|116
39|878
365|611
656|418
595|209
631|455
468|10
168|436
593|349
82|372
693|247
384|489
97|828
403|291
380|932
50|798
69|947
413|682
788|182
499|218
846|24
889|378
484|158
806|439
693|997
212|414
600|112
551|450
49|438
272|298
382|714
578|441
936|297
102|52
438|851
663|325
665|233
141|975
153|127
375|636
512|251
170|115
831|11
959|34
515|654
202|14
651|942
368|257
231|705
246|585
897|156
552|62
138|351
826|684
36|646
401|625
434|948
344|459
36|852
299|77
662|886
715|879
438|262
856|932
355|832
884|849
74|59
681|470
559|866
138|339
467|97
854|274
415|310
259|721
13|96
592|126
402|488
617|166
854|148
448|75
705|147
615|990
390|558
831|63
458|166
655|334
857|388
953|891
642|105
668|454
580|641
531|610
338|781
282|532
263|779
383|42
557|401
680|784
604|279
9|881
458|595
59|601
818|469
509|275
714|534
950|510
637|111
104|828
672|374
637|441
362|531
445|65
684|875
660|514
730|90
671|338
750|401
799|815
31|536
286|67
33|38
246|868
630|93
943|554
872|905
960|21
516|681
564|962
707|390
197|272
10|642
764|905
863|662
665|254
969|301
105|129
400|376
535|658
64|822
360|409
969|501
778|687
850|208
871|184
317|275
478|472
184|848
683|280
610|379
975|654
744|989
617|767
258|465
282|632
859|596
745|508
559|947
157|74
195|581
425|917
671|269
879|585
336|420
609|90
170|740
24|365
794|302
729|194
30|14
348|567
679|146
486|965
415|351
310|858
310|740
987|333
459|542
324|940
747|889
582|25
475|983
931|192
851|763
677|458
870|999
900|982
715|939
890|605
645|9
233|448
755|524
620|704
316|111
733|125
659|739
203|358
1000|140
107|973
588|877
14|984
184|856
397|37
791|686
269|836
348|772
505|593
675|644
450|475
585|743
489|79
579|285
911|953
660|696
805|944
408|867
738|472
601|867
704|474
694|274
948|688
489|661
910|733
428|33
57|343
291|782
596|243
226|806
978|504
274|923
915|350
490|15
233|15
383|561
1|110
867|599
89|829
670|436
64|297
403|738
377|144
160|45
568|928
436|770
668|725
601|36
949|461
75|528
341|261
828|442
929|850
658|669
868|509
702|170
853|394
115|713
681|194
682|223
864|576
9|417
596|261
986|428
706|160
948|95
374|284
648|794
436|196
187|663
656|349
722|855
140|281
257|968
241|628
575|683
957|378
875|415
213|506
446|685
317|747
602|556
895|667
628|53
74|76
165|251
410|305
348|582
890|912
791|607
170|986
526|811
818|975
571|302
293|792
586|56
37|168
390|935
983|288
738|786
187|834
132|97
77|677
8|356
597|615
181|134
341|477
402|159
882|193
945|163
318|488
459|663
760|68
446|123
875|187
369|900
198|861
270|479
982|965
582|364
218|719
706|241
521|6
128|499
426|75
656|222
18|139
193|477
746|856
559|409
41|869
588|124
497|693
932|546
252|607
727|851
12|512
386|302
365|992
626|433
984|146
511|84
189|436
997|766
692|929
303|546
402|952
156|941
800|174
685|772
530|492
334|802
989|267
168|92
72|933
732|331
65|283
770|269
48|483
281|636
957|851
731|409
180|126
819|886
910|412
726|205
108|717
952|138
608|482
655|84
771|672
799|397
356|401
892|711
280|608
803|556
931|376
646|94
673|485
749|372
947|743
363|425
549|122
50|229
962|920
568|274
153|915
92|927
548|208
42|948
329|704
94|707
136|467
218|142
763|998
4|235
51|980
136|320
434|718
261|73
403|111
795|764
371|700
410|690
505|536
381|722
56|89
460|328
761|370
536|202
618|186
587|462
745|336
486|883
691|570
924|598
588|490
744|172
180|974
905|713
638|287
661|263
241|163
630|297
146|886
222|271
602|574
981|393
426|874
433|819
481|57
101|65
937|436
349|324
635|909
986|847
571|145
241|472
810|820
489|81
908|405
891|335
654|339
454|6
952|124
541|205
835|718
466|254
429|719
304|229
661|848
922|206
594|514
115|544
968|486
999|907
795|31
57|524
488|198
514|173
953|837
92|891
923|614
719|40
357|906
828|884
461|558
879|20
464|767
536|1000
589|518
562|835
956|529
808|979
516|671
202|409
748|568
503|932
363|431
611|27
882|644
93|750
993|270
328|301
792|360
191|158
639|826
295|697
32|722
426|687
569|751
788|160
980|190
710|276
26|905
434|327
496|585
265|469
857|24
474|307
281|832
431|414
413|719
129|540
568|603
36|717
833|386
65|116
931|310
656|803
664|217
613|563
578|723
490|945
618|780
25|228
547|484
902|86
915|125
402|776
347|496
378|154
99|208
810|205
736|688
535|165
813|42
333|91
136|437
131|40
946|753
362|39
693|330
959|528
103|488
608|932
821|830
933|535
179|390
108|311
477|691
339|704
276|410
557|644
907|499
73|353
140|582
217|424
780|805
143|595
916|795
554|971
493|398
443|680
100|811
543|263
922|4
623|98
340|465
971|123
318|681
902|344
498|361
620|268
191|241
167|83
161|438
945|579
650|540
885|738
839|840
621|435
875|420
95|822
256|833
669|647
988|314
669|42
582|836
217|441
961|186
155|831
111|997
922|120
499|418
72|697
438|137
438|10
108|711
225|677
684|423
236|364
502|356
242|123
756|613
406|893
151|953
742|365
934|697
323|934
885|787
86|747
408|579
975|596
267|600
563|262
926|837
353|396
815|481
829|962
244|750
163|705
20|843
521|653
607|617
640|971
693|55
639|880
724|348
737|91
578|962
270|313
676|915
309|143
884|556
440|857
394|336
218|156
554|346
696|312
982|212
337|953
579|493
853|710
483|608
782|134
895|927
748|523
875|345
89|727
714|80
309|150
778|389
717|622
217|371
484|503
134|770
648|572
55|438
618|712
404|191
440|718
560|38
62|812
353|151
359|963
418|401
366|174
444|395
14|173
971|499
853|195
448|4
729|894
486|236
228|242
963|615
191|414
275|845
772|589
50|283
568|948
494|111
94|941
603|354
368|138
505|617
353|600
434|909
203|924
288|183
755|6
574|241
256|886
118|52
365|66
651|312
918|801
816|376
875|333
596|935
213|216
733|958
132|660
458|781
263|70
472|912
928|90
205|767
872|896
795|557
707|367
352|798
397|415
439|463
680|978
773|440
932|938
231|804
630|4
299|999
64|542
730|617
752|175
841|943
592|742
4|788
749|495
212|465
889|758
687|706
510|173
170|621
224|488
752|850
373|690
661|713
710|585
350|641
775|763
164|33
953|605
591|993
691|859
851|451
386|94
155|660
606|210
33|489
184|630
986|481
851|383
906|949
719|243
143|123
970|719
166|555
557|435
306|513
627|420
33|678
614|752
746|863
826|702
885|63
121|253
909|455
147|290
269|943
311|219
328|623
615|615
682|780
256|891
834|436
566|822
421|433
2|990
769|855
231|498
248|72
424|820
23|613
166|254
491|771
597|373
72|998
629|170
291|779
553|304
55|553
732|621
773|176
846|585
144|957
243|957
390|179
600|743
107|858
923|838
668|467
711|986
593|616
9|605
453|217
344|91
499|747
726|408
316|116
469|24
776|794
575|777
961|508
455|332
459|188
557|405
921|991
969|922
953|753
149|286
303|343
594|380
422|551
550|696
773|982
81|625
993|838
319|186
401|923
973|153
579|196
418|614
760|144
598|912
171|617
576|994
138|524
442|462
480|656
29|88
495|103
790|434
960|128
185|638
244|489
664|301
450|835
421|29
99|634
407|705
636|857
494|230
887|43
179|699
444|670
786|25
423|652
706|871
947|960
502|630
859|443
348|892
36|879
71|33
146|962
200|881
93|488
156|545
451|675
100|589
935|153
396|69
277|214
681|779
125|567
562|909
752|694
552|286
490|687
970|633
579|635
479|529
21|306
711|923
686|625
455|424
4|143
617|217
545|261
285|238
340|229
595|319
186|702
598|679
855|816
743|150
347|675
775|435
264|513
51|258
135|581
973|728
63|223
420|75
880|382
728|347
16|976
490|350
863|789
282|185
190|348
576|3
42|495
629|298
786|751
45|510
770|821
277|33
759|2
797|201
17|65
417|118
876|256
118|18
798|341
6|567
15|587
834|897
437|668
366|503
654|607
176|29
381|103
961|84
581|829
90|977
560|216
410|727
964|835
706|692
297|149
215|667
589|904
67|154
904|588
354|319
849|242
715|898
353|492
172|584
354|217
306|251
800|793
608|609
235|186
149|795
26|658
596|719
799|456
730|106
461|715
624|322
307|60
896|497
527|798
559|311
590|278
43|960
40|190
874|336
968|584
258|106
98|189
682|669
52|448
769|626
861|257
100|976
346|28
151|845
627|817
188|362
903|664
680|676
759|274
306|809
425|570
493|943
527|252
57|86
702|307
550|96
848|330
199|302
172|414
878|26
720|880
89|445
143|43
409|916
773|911
851|935
896|831
881|927
187|431
32|784
892|716
856|758
494|441
487|20
102|919
998|952
53|220
82|166
428|113
986|802
946|980
101|36
749|234
27|945
104|292
203|188
411|393
179|823
959|274
91|235
671|647
901|616
188|513
291|580
640|708
391|141
78|854
210|17
26|356
208|708
152|828
675|287
42|107
76|502
10|813
933|123
184|90
609|308
433|43
10|157
182|531
374|151
812|537
393|489
18|376
17|762
346|434
891|110
213|291
149|61
256|3
440|978
388|337
373|537
134|659
524|474
777|567
360|901
761|238
660|398
890|511
561|318
98|302
422|984
287|507
208|299
803|96
437|992
872|862
213|755
513|490
742|936
123|277
698|648
159|756
302|280
142|616
39|435
865|830
811|219
638|801
566|609
256|190
720|764
330|443
672|349
539|636
781|524
452|138
763|536
974|625
703|304
572|284
967|219
546|987
564|458
149|585
210|635
997|186
493|168
765|941
446|32
759|23
353|717
640|297
837|28
625|681
747|777
42|830
352|370
266|453
134|799
446|130
673|805
591|37
668|71
463|44
637|910
891|83
276|545
724|407
446|173
758|717
221|753
592|790
849|616
930|555
985|451
862|141
828|63
220|81
43|487
645|210
817|672
108|892
744|671
669|745
141|479
820|953
72|669
357|244
980|421
154|758
464|229
251|418
653|12
461|521
324|182
218|528
995|875
876|888
987|641
988|387
228|634
378|324
887|107
986|821
428|14
633|593
86|501
817|902
144|22
577|500
126|631
50|364
904|400
132|223
962|49
323|507
969|849
254|716
824|839
803|401
841|620
684|547
57|859
851|645
638|838
603|785
438|583
838|578
477|630
576|214
10|464
970|612
37|507
377|504
390|982
457|874
154|352
638|70
445|794
482|965
233|697
107|920
872|785
717|765
603|386
886|453
469|271
444|224
573|454
21|968
844|712
746|411
29|557
463|481
299|337
490|379
714|140
173|121
906|819
932|445
19|885
178|950
672|264
814|564
268|713
677|331
637|513
291|469
459|33
832|715
581|25
464|7
716|391
492|980
779|403
719|985
812|944
229|343
891|80
619|725
931|633
164|84
996|480
744|872
285|12
318|655
658|37
734|37
636|521
331|397
819|173
591|625
230|38
695|357
252|352
563|571
670|592
290|332
499|573
770|756
231|35
133|280
625|715
83|505
246|32
320|916
216|535
687|130
538|89
935|670
634|255
812|302
388|746
602|996
655|454
862|874
12|371
794|573
779|21
255|882
125|262
57|240
814|202
206|444
354|955
479|101
353|322
675|468
705|661
777|607
898|664
315|421
687|218
351|991
797|653
905|591
827|718
876|339
805|33
162|510
73|931
136|603
342|814
56|476
318|160
958|567
735|600
917|904
581|48
821|242
153|455
719|206
604|789
200|724
757|737
313|673
261|182
909|512
981|237
404|623
245|228
365|641
890|934
642|633
294|479
969|458
398|299
873|910
669|992
192|290
135|100
534|507
239|498
346|91
419|906
130|717
720|674
930|529
640|824
844|998
175|443
477|371
998|353
941|866
195|550
36|376
225|207
709|376
333|339
582|374
954|661
802|102
179|624
487|725
963|635
994|845
524|798
5|822
383|267
562|525
61|131
297|217
959|948
960|275
514|571
371|35
674|616
697|376
800|826
843|715
139|404
448|121
778|510
628|758
678|143
591|261
530|262
451|762
899|899
529|318
824|561
617|863
294|609
115|846
631|658
286|690
688|331
5|899
739|348
766|729
650|1
364|45
52|889
48|306
768|257
737|464
895|861
917|802
947|912
315|497
996|544
305|32
287|459
735|751
157|151
767|654
964|319
471|754
739|240
283|954
770|778
235|328
489|796
357|371
827|255
249|610
795|220
652|788
111|182
449|381
29|387
505|690
210|515
638|381
459|38
238|481
379|563
350|303
240|951
249|572
681|798
923|262
443|730
511|870
329|831
716|913
282|801
584|442
837|25
707|997
253|604
466|674
247|493
996|449
784|368
355|319
596|532
792|923
475|430
161|528
786|450
193|724
975|822
198|549
948|766
489|307
309|769
786|588
305|629
730|29
489|120
67|106
578|399
931|221
922|196
497|508
250|674
443|158
864|181
154|581
791|973
461|928
953|939
348|156
658|701
891|521
132|502
346|959
881|838
196|574
856|239
82|251
334|546
82|406
960|710
493|629
566|147
907|59
836|235
229|668
869|893
678|998
347|598
60|831
281|879
532|501
479|423
186|215
454|82
603|406
409|174
289|240
706|705
649|773
886|998
341|993
370|969
366|523
110|405
263|664
260|370
807|797
873|550
952|836
432|483
267|75
325|227
334|249
719|564
424|73
121|676
437|308
920|591
754|370
934|490
922|974
148|762
238|404
282|672
828|742
901|209
739|274
916|842
528|796
813|285
854|778
499|480
801|195
556|502
599|534
980|657
343|925
153|553
44|615
930|542
51|412
331|453
941|315
976|851
520|615
374|544
716|222
405|184
103|522
599|901
705|667
950|328
307|329
838|819
845|728
633|862
781|785
999|203
56|173
750|994
804|934
669|106
616|220
617|58
599|16
752|906
454|847
44|8
494|43
882|182
709|199
349|899
990|122
692|75
36|675
16|17
433|567
634|777
187|937
767|177
633|765
33|925
601|613
381|635
440|931
239|678
518|118
57|936
922|86
835|99
337|106
121|182
267|492
91|347
350|684
504|381
554|335
512|761
515|14
224|30
62|246
205|875
927|849
435|132
764|736
143|125
7|607
908|530
695|868
944|180
695|812
12|73
242|634
6|861
929|777
438|637
554|91
353|637
500|137
531|274
988|687
382|817
354|362
318|191
298|125
4|391
289|831
762|508
692|220
178|621
484|464
643|732
194|17
141|958
450|495
638|529
505|30
965|473
824|421
172|588
639|381
641|997
80|453
586|85
157|967
683|179
470|667
690|622
248|964
586|366
815|617
492|446
944|602
443|489
758|893
490|371
960|19
49|626
580|650
511|942
530|307
987|91
650|257
259|785
651|769
520|647
746|660
236|436
467|138
187|392
763|360
662|264
371|681
640|286
30|263
286|487
306|479
19|343
390|886
339|438
794|284
614|86
498|833
395|588
873|846
225|883
743|205
959|55
877|541
809|425
864|959
478|152
499|550
603|167
173|5
101|693
104|546
251|373
541|551
959|739
881|480
957|38
918|447
340|869
915|54
561|420
573|417
601|516
835|231
598|129
1|459
7|213
306|99
588|360
996|309
122|441
732|359
187|248
559|33
690|734
39|357
173|95
598|417
134|941
840|457
432|197
562|44
156|180
612|779
475|475
898|862
477|478
174|534
752|317
75|697
655|129
78|99
612|227
77|213
809|406
21|283
892|787
386|834
845|729
518|851
182|934
515|346
768|575
528|910
259|365
982|282
288|455
721|681
189|272
882|521
363|388
718|405
978|420
963|495
899|103
349|282
289|136
935|201
725|13
347|269
873|790
937|413
113|565
629|5
425|891
526|176
34|454
250|96
554|575
715|822
936|459
755|806
346|43
575|530
201|602
660|690
307|636
176|462
240|483
559|870
669|534
481|835
451|889
389|390
815|968
134|116
918|326
729|325
849|372
13|112
281|468
400|48
98|620
48|653
320|113
766|733
663|475
58|703
329|23
971|163
611|42
786|73
840|548
74|506
306|672
257|637
930|508
498|909
926|148
490|772
488|460
627|538
748|652
677|29
236|747
319|585
909|697
519|215
992|911
16|995
76|362
446|8
990|225
670|779
830|614
773|139
880|925
68|399
190|916
593|201
352|67
126|779
914|570
316|285
788|966
954|873
988|930
329|541
636|402
468|875
439|540
382|999
756|274
139|876
847|346
774|193
84|732
13|355
530|832
525|163
281|669
545|117
25|718
349|289
759|899
718|965
303|400
179|23
83|175
107|367
426|358
832|517
442|887
509|489
411|911
364|524
139|428
328|851
19|773
717|134
136|349
985|563
810|433
124|591
294|751
753|294
317|564
53|510
77|340
414|795
910|851
950|211
263|405
718|774
443|904
481|214
641|678
845|16
280|518
712|240
227|451
692|884
995|331
721|903
811|998
492|99
565|556
464|381
703|53
146|480
415|598
380|691
54|643
255|167
444|76
880|12
642|845
182|484
42|691
272|642
863|648
833|957
152|813
341|68
711|501
464|889
272|345
567|351
500|584
291|197
401|337
1|522
839|743
798|368
751|958
839|817
600|75
536|825
567|372
744|715
120|9
348|912
610|143
119|399
209|566
328|241
371|369
838|886
490|380
418|137
398|431
777|614
427|152
24|318
522|95
468|741
739|767
317|765
810|942
368|816
712|206
44|303
731|130
3|377
276|726
764|327
762|507
396|799
658|68
316|487
885|135
305|260
139|638
454|63
273|676
416|283
151|392
127|976
938|220
909|869
119|403
15|489
557|979
996|190
98|787
513|319
683|842
401|954
969|978
1000|83
82|16
145|740
121|554
578|898
632|25
577|702
478|552
16|220
686|290
825|496
892|304
94|676
500|653
648|429
760|542
83|690
860|559
400|416
731|699
744|871
526|227
527|689
392|324
444|526
929|206
837|306
158|724
311|921
378|560
727|688
553|585
336|789
801|103
49|536
544|933
659|957
108|385
403|454
873|388
596|59
141|726
490|790
652|529
839|603
56|905
224|884
826|53
767|407
904|668
852|222
507|370
852|837
183|85
887|756
736|9
694|260
681|282
583|185
522|683
474|458
75|389
132|584
532|349
458|437
450|436
904|82
728|2
758|475
958|389
588|80
427|831
652|652
164|951
463|770
720|715
324|364
9|147
62|266
616|625
355|408
828|549
635|767
979|825
726|120
937|819
777|290
17|13
16|864
427|552
693|984
231|892
88|177
710|137
833|18
977|84
760|709
521|662
864|761
402|373
38|33
939|686
342|888
714|760
172|769
815|526
168|449
209|954
355|85
28|328
158|227
307|271
708|262
501|854
276|40
507|389
138|32
777|321
395|513
934|409
286|723
369|983
932|487
614|290
248|131
937|796
224|635
496|881
277|855
686|575
86|561
107|728
570|411
885|345
259|524
224|641
301|569
131|383
237|809
329|814
451|592
631|699
185|270
642|421
2|928
838|677
91|451
346|179
33|286
588|302
471|77
24|434
511|952
579|871
265|543
108|375
299|628
85|203
103|863
218|642
984|629
699|133
28|531
126|59
381|421
820|5
634|318
87|463
237|784
273|77
404|369
795|230
642|137
943|39
333|286
473|372
904|545
573|896
329|236
375|186
788|770
447|686
68|941
643|684
322|932
888|658
830|256
691|38
876|82
954|102
38|801
521|296
297|743
905|410
558|648
602|74
167|694
359|944
339|168
555|805
328|943
80|908
803|947
636|520
480|552
571|660
341|253
135|445
567|444
106|432
29|544
819|806
630|294
256|485
95|337
971|735
481|901
37|904
424|468
590|476
445|962
776|698
718|185
214|393
544|546
947|472
858|772
137|751
921|834
34|417
805|116
595|207
84|553
249|20
866|330
414|313
704|907
770|873
95|807
305|661
622|754
84|872
752|619
135|724
821|609
18|176
259|645
256|345
735|258
67|185
890|271
123|572
792|980
46|227
451|512
473|436
611|718
37|905
921|371
10|422
497|122
712|352
280|892
424|709
990|916
950|585
28|227
701|207
788|654
513|566
115|960
349|134
425|67
902|759
647|241
910|111
826|142
227|45
996|141
633|816
191|388
167|224
804|32
854|513
165|407
284|325
60|292
518|929
822|154
680|885
902|542
731|412
836|335
16|154
36|496
361|823
204|708
221|94
33|668
739|410
890|523
978|809
177|821
209|674
246|154
597|965
703|528
569|250
676|986
117|89
154|159
54|392
71|203
375|435
2|175
460|544
494|877
2|724
661|640
858|786
963|577
318|698
558|248
196|64
927|661
677|638
711|408
961|34
202|336
39|877
201|18
949|651
525|167
291|277
196|356
118|229
825|617
200|662
427|487
276|878
842|169
373|395
619|718
934|290
571|721
515|25
779|770
835|257
604|666
877|458
893|762
181|67
186|566
915|348
413|171
626|440
49|547
377|511
530|812
88|787
818|6
316|220
850|630
132|216
631|236
450|229
197|405
731|757
826|362
991|822
921|428
97|781
47|932
768|758
43|630
981|333
143|860
156|134
153|261
911|879
548|353
706|690
549|655
456|392
376|771
223|878
6|633
865|200
775|576
618|826
392|644
184|854
291|582
244|586
475|416
305|381
688|987
486|694
875|550
642|912
839|304
190|530
711|266
835|651
324|446
848|709
39|174
967|532
411|933
277|808
855|564
937|93
577|489
181|38
306|539
312|654
596|515
108|162
674|409
987|972
461|952
495|339
138|417
446|484
727|27
236|944
296|378
33|279
730|179
732|323
724|523
522|18
832|550
347|904
832|948
409|713
413|27
933|509
274|418
435|682
285|759
364|893
18|579
856|564
853|303
25|460
22|477
789|134
2|812
584|786
802|478
589|641
788|158
996|686
523|837
392|194
838|145
803|496
753|784
925|774
709|248
587|963
618|348
785|322
610|622
364|837
163|681
182|71
856|958
863|103
833|248
699|829
950|444
712|595
788|532
110|648
964|696
192|118
851|54
217|403
57|359
481|408
517|329
232|195
33|413
420|488
186|603
630|868
95|536
328|115
143|236
393|684
493|873
811|714
715|281
323|920
316|28
440|669
899|102
154|344
272|831
713|483
267|55
375|922
940|131
480|887
212|47
586|718
864|673
921|288
832|290
978|873
195|867
412|691
301|678
458|833
94|304
834|298
910|651
873|49
967|965
513|244
166|285
598|288
931|106
481|795
434|355
459|105
50|452
780|759
467|561
483|32
746|915
82|905
143|845
760|462
964|650
821|399
565|669
681|266
871|699
495|847
323|137
444|712
294|161
411|98
951|842
622|764
456|890
465|432
418|781
974|875
291|431
262|698
413|498
341|236
117|454
54|947
89|751
858|926
152|597
773|35
14|334
226|967
848|960
348|547
261|129
758|166
337|56
818|977
81|494
662|880
206|989
871|266
942|515
826|635
854|957
739|474
909|816
350|746
146|984
170|313
429|76
705|810
316|800
133|92
933|611
986|274
24|905
698|767
785|689
795|102
208|554
399|275
77|921
68|516
135|637
589|501
614|969
410|782
935|560
937|858
34|467
258|900
958|270
848|89
450|54
5|777
26|172
655|30
71|817
494|339
643|317
575|663
901|567
225|231
480|177
1000|533
234|643
868|927
723|563
15|433
26|437
49|354
42|390
953|761
581|858
925|831
983|372
150|761
718|251
796|596
500|590
836|971
87|652
645|427
64|596
58|575
695|178
787|218
498|203
799|443
238|859
997|484
909|889
901|489
102|70
156|357
582|734
880|560
974|382
125|327
28|315
537|508
163|835
852|73
820|1000
994|83
61|592
917|910
181|270
817|631
501|456
359|419
403|410
14|605
416|420
960|280
330|576
35|5
428|921
508|269
118|347
410|410
380|337
988|317
295|204
28|736
525|583
418|381
308|32
708|456
834|686
882|359
197|418
256|839
219|886
912|572
757|546
476|712
129|413
443|704
250|725
355|358
50|868
339|146
721|179
202|398
856|623
969|286
887|125
534|749
38|518
140|548
984|618
357|442
596|908
211|870
792|295
149|387
432|440
309|266
888|19
254|969
926|767
614|176
628|883
116|605
416|310
609|907
10|680
379|507
892|44
372|56
94|347
141|935
859|589
965|587
81|139
514|228
842|213
456|538
718|254
292|501
822|786
83|853
76|697
1|940
306|731
391|131
852|674
36|285
843|973
498|97
691|214
275|556
751|604
721|988
467|788
533|868
569|105
543|342
105|730
540|499
649|234
483|926
812|22
224|985
647|667
566|350
867|986
288|47
584|687
95|990
563|476
514|42
546|394
102|866
473|706
421|647
551|382
413|355
982|161
985|266
63|874
228|731
436|793
902|337
97|289
635|365
236|605
408|86
642|509
281|691
407|699
212|552
53|200
700|451
149|223
26|332
30|392
903|209
708|51
316|842
236|304
406|582
118|734
866|829
814|165
803|935
769|483
570|358
828|684
798|416
249|330
635|534
188|253
28|759
900|729
439|876
519|133
570|153
323|219
203|251
435|789
450|870
943|35
207|422
142|587
670|432
434|560
643|477
22|594
580|30
25|160
342|82
579|272
119|123
907|777
863|552
825|226
340|651
719|639
507|692
667|288
116|487
938|245
499|680
606|261
964|849
147|645
926|361
903|535
939|369
876|65
331|489
660|499
866|645
307|708
951|195
380|107
516|32
90|133
484|973
892|561
862|307
312|581
962|137
930|431
697|539
14|349
520|523
156|783
385|220
659|166
421|286
847|970
157|578
776|139
812|294
28|917
139|413
314|984
434|495
79|475
592|797
38|331
101|422
831|849
474|572
768|358
795|243
216|472
222|992
253|624
885|876
564|550
817|908
189|205
336|543
705|316
686|742
300|493
643|465
116|228
900|524
281|301
804|474
853|20
45|371
127|680
579|631
443|72
863|969
640|93
594|981
778|594
907|357
685|377
227|808
309|421
54|87
958|188
886|15
339|668
210|221
533|905
187|644
820|620
600|154
658|793
307|121
868|89
119|652
895|123
94|651
883|106
744|272
783|94
409|792
501|915
547|51
695|148
870|623
149|760
172|950
998|226
892|328
980|992
10|242
727|369
586|828
905|96
282|625
774|522
566|80
706|895
63|909
746|268
896|349
132|637
881|67
584|836
61|722
466|841
546|613
199|826
210|436
297|376
334|29
984|867
960|430
38|604
297|79
143|259
835|944
229|490
747|90
889|974
398|303
268|699
511|337
867|884
410|902
9|258
267|796
397|788
513|249
558|42
614|35
630|738
845|590
859|741
185|939
836|851
906|169
415|341
804|276
611|935
777|245
922|516
397|208
836|167
739|902
492|592
813|684
114|143
769|417
156|851
901|751
806|128
44|308
131|575
639|450
829|627
382|19
307|66
373|906
740|607
148|840
845|806
637|508
824|318
66|264
984|508
771|993
606|525
450|395
366|992
472|683
516|194
316|341
702|113
723|6
561|305
669|485
716|29
716|1000
477|479
697|877
414|427
571|228
416|338
38|94
426|609
427|803
410|300
711|729
214|379
732|371
192|181
14|614
819|864
77|662
515|425
892|674
938|397
50|85
832|755
535|8
914|979
661|983
272|203
355|654
690|852
459|480
924|763
854|55
193|234
959|428
81|445
757|51
273|265
428|573
769|780
560|640
836|519
952|4
918|804
175|746
746|494
268|640
812|371
254|524
209|525
161|929
496|860
253|443
590|926
536|803
410|407
560|330
20|713
315|744
403|13
848|888
250|750
524|550
332|381
683|194
612|913
125|792
567|880
555|878
983|556
74|368
265|626
846|167
743|823
51|853
846|717
297|692
233|436
944|328
69|546
562|310
466|957
918|203
238|427
554|511
456|333
33|851
784|423
15|81
783|147
665|853
466|741
725|457
283|964
762|332
734|399
677|396
579|258
716|877
866|219
583|529
818|112
849|844
766|380
43|112
461|635
420|593
5|169
744|755
666|95
942|82
912|900
443|859
72|555
712|767
984|214
875|537
502|981
430|681
43|484
7|10
658|155
10|532
617|252
755|45
82|559
31|848
890|170
521|194
320|656
570|331
193|625
504|581
84|431
791|538
902|458
853|526
417|14
207|682
790|474
546|451
140|592
383|990
28|331
220|976
712|943
51|942
111|5
341|891
496|662
94|732
587|362
274|441
123|677
114|702
608|871
545|309
609|550
518|339
497|821
847|987
563|689
39|478
805|417
35|14
645|777
461|741
542|317
486|686
36|664
565|738
68|765
507|134
776|56
991|432
516|878
402|354
729|180
640|425
575|2
49|548
795|321
173|645
865|791
169|40
170|316
795|508
677|193
653|967
12|857
680|28
73|413
957|899
458|862
852|283
783|878
665|22
466|507
486|565
449|88
454|787
76|823
847|995
331|452
699|916
238|130
94|101
998|889
813|299
134|411
805|580
390|991
284|713
3|213
670|86
761|940
830|437
748|516
832|268
115|186
918|736
545|911
385|5
300|160
274|490
503|363
105|779
446|796
920|229
451|90
294|645
480|175
449|881
361|152
499|390
184|263
73|18
493|510
185|361
121|492
358|509
287|979
906|471
459|887
31|783
596|644
379|151
953|701
589|525
853|509
873|216
209|308
729|375
264|301
292|609
780|246
581|408
770|3
13|725
101|835
180|20
905|922
47|826
77|432
613|42
88|987
328|713
797|202
366|37
939|603
57|681
174|852
176|139
469|227
798|807
530|83
802|775
707|894
764|335
532|738
78|195
115|821
294|482
739|83
985|94
520|918
569|929
812|131
550|633
890|482
147|73
386|57
275|26
687|859
751|224
268|823
681|244
417|440
825|93
831|22
235|881
428|956
835|700
431|665
756|352
81|194
90|202
846|578
626|601
754|85
624|43
138|373
513|46
545|966
769|2
890|35
399|999
890|581
503|12
191|183
863|393
317|994
199|423
427|13
249|918
105|905
609|712
222|693
819|827
653|224
126|841
973|583
379|187
416|481
530|265
739|411
49|291
810|841
448|895
794|473
917|120
839|833
579|757
479|920
375|32
666|973
936|685
69|713
325|764
222|575
195|496
778|801
89|730
180|573
798|442
707|966
613|184
150|995
99|954
584|731
722|188
759|54
750|283
356|101
994|990
338|534
825|5
596|196
790|599
132|99
326|675
276|808
594|665
781|64
969|844
869|741
24|969
844|823
957|861
323|370
814|868
461|798
661|710
857|624
585|533
978|844
173|11
835|805
305|226
514|459
121|845
929|863
881|534
665|315
844|769
243|64
801|766
455|77
771|282
412|360
276|289
154|505
223|316
768|497
626|301
761|899
170|58
49|170
98|452
464|283
557|370
570|38
104|846
366|577
462|552
274|877
819|311
708|158
485|883
108|860
884|626
217|899
12|247
694|624
231|694
252|988
364|743
621|746
786|183
677|595
22|467
324|670
970|62
385|270
82|122
586|26
782|594
683|37
660|122
934|376
113|995
587|917
464|901
338|158
423|156
166|502
870|576
112|256
347|790
929|593
606|393
865|821
154|149
102|324
787|84
299|623
413|269
291|781
837|303
279|567
660|772
300|103
100|656
805|373
468|538
442|972
746|384
432|318
715|999
433|404
957|610
887|979
865|503
851|364
284|555
261|297
435|954
271|404
105|626
353|231
984|859
820|985
623|963
953|143
335|402
893|729
658|494
757|770
423|681
413|722
604|260
542|804
387|516
625|115
444|196
186|679
505|704
292|980
982|195
393|800
938|396
700|685
740|793
896|286
812|791
475|266
98|561
281|283
86|480
295|648
924|694
809|287
794|913
197|454
121|183
988|172
926|957
987|761
842|946
294|260
178|612
178|922
528|269
385|393
825|431
11|70
497|59
611|881
674|449
230|639
299|106
12|744
823|762
586|523
962|830
714|689
74|222
139|298
369|587
622|835
371|357
818|248
748|874
459|619
404|823
335|659
526|451
751|4
807|647
627|540
939|709
643|937
439|467
213|783
782|437
462|192
377|657
556|167
891|648
88|887
308|426
339|455
798|283
773|993
708|799
623|314
346|408
916|388
473|434
29|479
149|575
702|168
441|576
211|192
132|21
207|373
76|9
830|595
304|40
70|345
907|292
298|308
130|202
549|833
113|479
944|585
62|654
309|52
986|605
185|631
309|119
530|259
595|934
405|135
978|580
611|928
178|705
967|77
944|66
327|451
942|471
823|18
437|156
442|67
150|212
631|910
110|719
295|480
169|498
462|232
361|760
570|557
2|94
185|919
722|625
296|538
147|701
875|157
957|831
16|859
494|525
975|971
361|49
52|515
292|882
568|807
302|477
551|614
826|459
283|604
464|506
258|250
803|577
736|978
898|806
881|732
34|646
532|199
404|164
686|127
631|644
543|614
320|177
975|972
357|409
146|489
461|722
771|766
26|209
408|743
78|880
107|970
819|828
582|230
70|755
404|159
748|329
152|868
495|384
218|707
541|47
155|637
409|586
107|687
52|996
305|141
454|432
366|681
746|199
867|184
377|869
308|166
784|100
507|156
675|358
93|50
269|209
4|558
381|333
553|820
654|862
485|93
491|181
438|946
749|697
922|583
373|852
287|806
104|800
348|232
318|136
206|866
116|192
372|170
832|955
688|905
574|442
433|997
85|616
986|796
570|549
753|146
851|125
285|680
642|381
74|451
110|331
934|42
618|720
601|246
798|408
594|238
699|239
817|738
171|395
508|540
501|704
144|746
913|538
606|212
712|843
815|847
488|354
927|448
185|49
596|406
330|634
783|61
702|722
884|683
208|821
772|185
557|801
507|583
528|227
848|153
287|311
564|547
734|192
563|240
649|290
554|472
584|494
313|980
362|473
826|875
300|970
520|611
185|369
819|526
239|789
940|216
334|133
382|102
32|568
614|432
79|299
279|120
510|819
420|116
764|815
236|638
596|295
247|239
714|559
862|204
286|732
952|203
205|679
88|542
604|689
1000|281
917|204
898|409
587|952
577|706
451|923
164|338
292|903
432|202
143|986
433|439
175|855
523|189
912|46
514|640
433|812
977|206
127|87
587|950
93|229
473|498
863|863
996|210
350|914
428|18
439|415
811|773
7|470
46|366
455|118
254|222
134|832
649|169
922|777
556|127
907|640
266|464
379|142
386|750
756|335
435|876
565|257
702|359
342|275
858|879
98|704
930|568
791|384
791|971
265|665
163|798
356|653
582|52
84|762
844|224
212|38
361|882
905|136
412|879
736|220
519|82
564|929
207|435
502|987
878|857
301|180
755|59
879|75
865|47
235|825
233|172
840|781
423|897
978|38
844|290
133|738
807|551
170|675
141|632
231|826
427|442
673|97
37|954
419|868
745|445
68|171
778|231
62|965
797|531
326|944
649|209
690|821
576|586
92|128
944|241
944|711
694|974
45|633
43|556
222|846
45|520
805|853
726|294
923|812
306|524
595|188
338|293
225|201
921|78
76|881
193|589
947|240
364|984
647|618
829|649
335|902
110|540
604|669
675|996
95|52
340|727
150|230
690|180
970|66
983|94
414|928
576|619
925|268
865|257
245|741
576|399
304|164
630|954
60|179
506|706
39|473
440|663
98|833
787|60
636|833
577|131
176|780
710|132
972|381
863|594
190|168
28|583
323|369
801|394
180|123
927|438
272|821
330|667
899|485
998|366
57|697
741|514
185|172
990|817
375|199
635|498
784|918
974|251
941|818
970|683
604|948
785|22
498|186
598|555
64|161
637|36
728|446
656|49
875|151
881|324
863|175
560|629
621|549
988|703
938|598
576|560
374|504
761|55
679|145
584|204
63|535
911|85
651|786
420|25
818|698
425|821
550|289
440|236
23|434
223|638
444|501
198|510
508|450
241|798
88|688
350|672
112|364
813|34
536|978
206|191
117|220
804|370
717|525
201|368
562|821
909|375
716|595
674|924
340|481
555|549
88|45
980|334
285|46
302|316
938|66
536|994
481|827
300|134
2|858
255|4
156|61
528|7
811|384
166|754
438|152
755|521
384|969
12|550
302|20
335|299
239|435
869|93
109|796
847|686
158|725
2|228
263|162
853|998
815|508
86|997
639|585
6|174
615|547
766|495
548|873
680|206
273|622
987|679
249|756
938|850
853|39
285|139
795|594
781|105
792|397
161|81
916|143
338|52
107|114
292|656
50|189
743|632
914|188
458|601
122|161
425|955
681|857
267|298
779|107
661|995
445|155
756|734
692|806
486|293
969|334
802|259
420|684
199|606
987|312
998|344
521|478
481|541
143|31
774|370
190|566
887|672
692|82
539|799
958|507
752|735
229|560
217|561
967|836
988|871
606|701
36|760
276|838
133|760
156|319
389|205
681|771
359|598
573|319
775|731
561|518
731|781
293|160
443|153
166|763
37|644
610|15
465|603
674|868
970|998
640|629
957|407
94|830
108|642
484|264
495|938
132|964
944|987
838|175
993|793
273|705
182|959
552|331
226|703
650|79
216|660
169|608
653|428
503|536
556|293
522|974
569|951
525|521
587|400
879|511
43|150
523|48
313|497
475|454
450|889
222|791
59|243
467|708
659|264
408|306
455|69
885|858
44|750
899|845
361|263
716|544
13|67
693|468
164|390
533|901
566|449
179|359
189|224
239|33
849|918
984|334
882|647
944|209
534|919
307|712
424|726
624|673
634|517
694|331
394|387
23|254
944|364
687|539
439|778
303|981
166|93
115|800
34|444
560|580
536|553
739|320
185|402
86|543
474|827
85|713
416|328
482|101
652|833
184|705
5|431
809|251
604|965
264|855
128|214
214|922
494|966
949|810
223|266
487|726
674|926
378|873
773|356
736|827
284|985
904|557
977|551
709|869
820|243
351|607
281|485
706|636
551|325
122|258
86|873
900|41
344|98
636|406
122|979
14|109
680|610
777|14
164|511
827|174
746|784
523|190
173|993
484|201
996|175
229|856
243|378
725|746
368|845
900|614
130|147
926|56
828|625
134|956
271|222
759|630
881|134
236|77
975|453
192|6
470|134
495|57
619|901
850|56
770|536
782|942
61|245
273|842
123|432
817|84
23|606
893|675
745|152
905|844
98|175
612|803
459|305
445|692
741|23
589|237
566|249
748|115
33|514
682|207
74|759
908|849
282|698
115|803
517|567
76|139
740|689
68|827
717|125
921|571
927|302
575|643
119|715
802|443
333|466
218|968
884|551
221|831
877|819
84|990
28|649
710|938
512|94
575|765
404|695
202|882
804|414
633|226
606|186
607|928
487|224
658|366
803|617
821|628
918|972
799|332
710|904
284|287
335|634
862|333
870|536
810|427
50|965
873|22
534|471
977|921
504|759
39|777
871|686
575|734
872|329
146|662
490|596
804|814
384|337
735|842
556|995
670|788
827|467
190|956
434|837
766|570
149|412
474|269
781|598
31|677
291|256
605|770
996|758
187|297
657|823
943|305
673|689
499|155
523|448
697|613
661|177
734|870
892|227
470|8
839|896
385|694
560|620
117|631
665|143
156|896
74|612
69|146
539|469
701|531
651|506
168|900
872|284
41|828
279|833
889|424
939|927
629|425
923|41
232|129
732|812
539|953
476|948
71|550
601|705
813|567
702|587
258|290
836|228
18|60
442|886
204|896
530|222
213|870
81|908
470|283
481|655
374|579
905|882
460|619
555|774
527|365
414|274
56|95
652|132
273|360
957|381
919|450
984|423
880|850
802|930
479|206
180|250
744|688
391|612
910|237
980|533
615|993
895|939
442|904
845|517
805|23
572|499
724|889
492|11
648|935
132|321
286|866
753|471
446|606
228|73
271|653
776|4
218|986
38|131
603|91
770|74
719|880
93|654
778|741
816|173
847|67
22|479
606|200
88|377
182|752
487|280
546|262
840|587
172|949
352|481
131|532
217|700
887|645
966|286
600|565
203|880
437|152
970|27
920|888
286|169
209|90
280|652
596|524
519|666
667|974
699|500
563|468
817|20
526|257
603|519
31|53
500|999
58|235
904|399
187|176
371|487
890|914
329|608
991|871
992|612
878|91
285|739
706|339
938|924
78|685
534|13
434|461
451|984
755|820
470|510
478|628
827|793
936|747
182|424
902|12
896|599
116|757
797|656
586|407
660|275
108|313
512|274
884|786
495|343
930|404
669|569
748|159
653|309
565|23
259|19
463|624
839|229
358|293
841|438
485|438
50|295
914|251
152|713
980|355
141|391
784|976
926|727
838|812
646|375
688|171
967|777
465|189
599|693
664|564
225|396
720|737
248|617
404|528
70|196
356|820
372|938
968|551
308|451
739|107
441|580
186|704
355|653
85|366
225|255
53|589
672|964
942|271
951|433
664|597
575|68
891|482
109|210
642|340
622|90
877|340
947|506
67|639
373|782
940|691
896|447
603|942
265|67
343|569
736|592
203|185
507|478
256|234
488|85
118|72
142|503
2|311
586|440
153|369
580|470
595|56
204|565
646|459
835|343
637|828
966|290
3|375
840|233
472|716
482|584
980|160
14|512
296|3
156|125
479|378
878|190
636|204
294|537
825|500
808|895
206|347
703|438
981|786
720|940
131|703
295|168
635|97
562|664
48|780
736|539
139|719
543|328
824|955
870|436
259|558
789|449
94|698
453|947
180|178
512|871
126|153
68|552
852|499
160|705
569|5
632|978
138|566
311|689
517|682
786|298
913|139
630|36
364|221
326|40
411|622
788|236
319|516
446|835
611|774
651|782
183|659
247|577
683|182
216|395
426|540
873|709
513|270
87|564
768|662
17|636
515|147
733|579
552|42
777|673
895|702
491|637
709|336
197|750
431|4
289|344
276|680
787|658
866|380
136|97
449|109
609|625
290|75
342|351
73|193
400|768
716|656
126|84
218|398
392|820
728|847
754|293
878|88
647|479
269|685
258|456
228|985
512|332
831|64
928|323
20|535
219|542
843|575
708|784
612|82
616|775
118|285
778|620
450|485
429|654
496|883
217|720
612|316
153|550
739|558
248|217
91|637
517|134
202|589
344|147
635|161
68|104
237|255
800|601
165|486
239|906
965|319
953|669
946|548
135|108
586|516
801|113
815|54
741|69
928|383
342|366
639|896
98|509
103|186
481|432
632|177
473|39
410|338
19|649
482|260
872|983
490|785
57|720
247|6
897|678
550|168
295|975
81|397
239|528
1|782
98|749
815|689
870|122
726|85
850|284
480|968
122|998
213|540
23|253
517|822
445|502
435|105
357|40
249|585
25|78
750|762
713|680
86|947
24|827
480|539
631|902
80|300
601|309
309|586
375|899
148|159
424|997
496|807
103|339
426|179
171|14
80|786
600|379
309|161
746|426
211|426
724|71
714|14
954|85
796|50
343|468
911|169
317|788
834|522
831|574
974|567
703|105
150|111
731|899
698|481
899|329
733|556
503|395
434|450
248|668
960|354
534|432
724|865
407|655
297|698
707|529
768|665
950|624
428|112
364|79
581|387
934|472
855|533
686|221
367|353
363|110
347|722
129|610
739|873
292|554
925|364
888|10
338|596
885|347
339|536
67|242
168|888
264|441
632|678
990|562
623|550
704|540
161|650
829|379
611|66
809|89
473|794
79|553
666|693
137|926
41|798
580|916
339|68
54|957
457|750
460|752
689|780
982|316
687|839
524|310
273|221
864|110
998|629
852|671
185|141
88|585
502|682
464|176
569|925
898|592
137|82
117|547
889|673
460|497
328|963
930|27
20|183
539|922
212|749
910|281
909|566
649|364
718|476
469|342
560|508
969|471
18|370
932|202
487|330
849|772
942|188
134|278
815|501
567|547
733|856
851|923
362|353
660|53
652|368
80|597
400|480
177|959
32|936
226|309
156|121
780|252
680|342
445|936
663|593
831|9
544|608
661|947
134|333
595|11
80|724
428|131
708|296
688|310
992|976
123|419
805|539
928|387
47|675
126|485
159|42
345|675
430|283
394|152
119|113
630|237
514|365
916|970
481|483
746|129
936|41
116|292
304|42
163|863
645|401
351|726
648|185
107|524
529|398
253|902
73|713
108|500
797|399
934|967
276|385
495|559
7|409
376|911
283|482
110|82
804|900
769|650
615|776
523|871
886|752
607|835
769|910
304|990
356|39
289|289
609|174
789|985
860|686
444|795
647|673
425|252
630|285
845|999
131|193
64|947
892|932
216|12
352|356
536|500
162|250
997|692
479|777
274|959
238|212
96|818
357|351
435|476
729|663
311|765
777|641
237|391
43|377
994|312
292|769
531|913
64|992
315|314
411|4
130|130
22|577
512|283
84|230
349|646
481|746
574|126
910|188
440|820
804|472
999|93
655|363
710|134
315|378
223|301
864|341
910|76
386|614
981|186
192|59
425|940
424|425
552|767
567|101
516|969
683|53
876|469
867|168
35|95
91|901
456|923
291|156
714|194
303|281
924|377
15|669
759|804
714|67
139|748
730|272
833|805
533|75
49|481
41|378
150|721
1|345
591|845
410|783
195|912
330|24
881|434
703|906
38|922
634|683
28|933
664|978
644|436
850|635
258|461
391|755
388|569
69|533
725|442
334|222
255|904
421|918
334|202
959|462
962|160
488|914
264|221
797|925
389|379
749|833
444|838
67|290
268|32
644|265
508|328
941|424
931|431
339|373
174|949
899|355
357|287
636|186
976|566
586|83
585|547
160|219
874|994
426|166
247|633
280|48
981|971
435|461
835|299
258|443
257|451
624|127
686|369
589|382
857|801
784|335
506|415
150|55
816|562
539|747
428|691
585|628
299|364
670|942
760|179
767|480
441|668
467|597
179|809
311|97
851|986
679|813
554|628
354|40
395|614
570|934
183|695
170|7
309|231
662|26
825|885
327|249
118|639
969|900
704|696
551|99
574|726
511|363
676|368
470|232
410|896
136|127
333|655
883|981
853|346
551|493
964|452
187|415
88|382
390|804
347|78
671|214
964|652
153|349
42|76
317|352
864|653
87|90
326|764
323|656
933|85
421|765
780|269
675|596
107|675
882|956
876|713
860|680
19|391
312|176
121|602
600|891
916|941
358|704
118|710
697|301
623|890
82|895
271|634
69|497
839|772
749|796
218|513
133|869
384|65
885|350
497|759
165|362
367|888
153|696
16|871
831|979
592|168
982|258
407|544
544|100
27|881
728|686
390|786
376|35
288|257
537|12
689|865
677|731
436|659
958|508
78|729
842|471
913|1
514|166
953|379
658|723
430|707
534|548
408|439
433|613
733|437
999|156
597|556
419|964
685|661
861|753
503|376
853|890
721|887
739|366
863|578
788|257
711|464
386|281
477|293
987|363
609|87
124|567
947|600
202|720
376|877
594|94
133|658
438|678
54|1
738|248
772|438
240|787
414|433
677|430
785|28
952|213
200|872
308|954
621|816
424|842
890|998
843|893
402|867
439|376
212|556
785|72
726|741
931|909
872|597
769|594
864|599
598|148
396|898
866|613
781|513
988|156
538|55
581|44
888|759
540|300
372|587
913|908
847|635
60|127
95|769
135|91
866|498
926|613
683|207
792|161
374|36
989|920
53|965
388|601
353|903
767|387
248|177
277|161
896|791
215|16
713|872
63|10
796|343
406|2
451|514
102|81
900|653
215|694
76|470
452|913
144|978
149|745
126|873
874|709
750|699
307|145
710|956
131|180
596|103
658|985
596|747
417|192
743|933
160|95
439|888
618|802
303|938
702|223
846|3
703|916
323|987
148|722
16|110
597|791
950|416
822|156
330|976
808|505
728|835
815|475
671|694
931|470
819|701
791|1000
728|171
566|782
794|846
405|577
749|151
510|103
851|356
735|791
548|663
735|737
864|223
127|656
540|98
18|186
84|986
21|873
118|998
204|658
509|180
885|952
11|574
349|973
364|181
178|434
26|275
112|104
654|522
645|215
776|391
340|157
533|361
813|572
789|309
248|429
900|236
954|128
975|515
499|417
471|995
791|998
162|539
243|536
212|557
323|762
287|135
782|33
782|259
772|119
581|728
809|271
571|767
437|285
825|183
287|555
40|550
178|692
589|318
260|981
657|301
538|575
548|436
287|925
476|197
37|541
102|949
923|394
155|188
283|329
630|257
648|955
286|412
564|657
212|121
64|76
354|684
116|194
642|615
760|862
448|301
80|694
682|640
546|984
209|848
505|600
434|175
38|621
60|103
870|315
32|32
52|886
411|114
418|93
707|279
485|377
830|337
794|613
223|593
172|585
887|186
175|260
55|215
8|842
43|716
887|347
716|268
765|24
584|970
748|216
597|220
529|273
847|444
994|282
192|359
121|351
548|892
383|431
761|754
154|63
430|446
479|427
864|124
998|972
201|380
539|602
322|330
873|439
444|827
141|95
526|140
385|989
91|891
452|151
698|590
906|247
558|477
781|325
66|697
786|948
872|700
654|899
722|691
949|472
723|500
389|723
918|240
196|38
639|193
610|201
220|979
479|103
272|674
662|342
125|369
616|709
449|783
807|881
575|311
894|664
999|465
261|868
368|197
320|83
954|904
849|7
578|119
118|896
198|625
622|106
931|785
434|806
186|53
403|807
747|240
899|118
739|446
668|291
226|667
770|919
476|229
698|573
892|641
185|942
312|418
401|502
866|680
841|611
658|643
251|298
388|280
578|608
554|953
30|274
811|862
591|713
278|116
110|943
360|186
690|365
948|914
286|887
861|936
731|418
691|430
427|186
855|923
410|899
672|149
132|282
628|400
760|48
152|216
461|871
878|769
472|9
279|694
220|476
501|754
902|934
891|836
800|651
800|428
329|660
524|943
284|782
788|399
31|916
526|796
550|522
772|936
141|609
830|59
552|113
117|513
799|781
29|513
182|660
405|371
876|21
515|825
412|349
788|9
589|422
898|242
398|294
266|396
695|758
179|396
823|840
524|169
566|148
674|122
982|967
940|487
612|810
723|64
735|484
820|183
53|974
154|404
502|906
210|893
200|975
813|620
466|859
165|397
823|227
264|979
892|700
247|603
788|456
192|677
813|67
712|277
134|853
855|817
877|953
195|715
667|100
741|240
135|957
197|890
782|618
575|190
221|880
296|949
807|299
161|20
629|120
192|793
312|902
45|51
906|311
170|697
81|29
330|544
333|446
912|232
814|748
374|964
934|79
968|948
880|643
363|575
839|31
705|719
506|750
37|805
742|83
684|694
386|997
477|374
131|982
764|939
510|933
353|812
370|584
173|996
61|120
881|849
464|580
428|763
551|96
404|772
694|859
912|210
381|464
763|828
262|442
894|238
959|184
866|454
600|970
437|574
526|857
860|869
49|47
175|387
844|732
367|752
448|754
432|315
980|569
241|753
10|329
924|264
387|852
276|359
237|292
238|832
383|838
171|649
614|49
938|107
446|2
234|200
28|817
379|173
445|327
324|768
128|948
118|677
648|518
609|29
977|576
878|798
814|130
434|745
326|484
984|15
357|522
971|885
837|10
328|861
141|19
407|845
522|513
255|292
116|40
353|325
571|826
713|731
234|459
656|598
860|84
150|849
121|582
520|10
374|231
394|846
929|765
425|47
240|88
790|171
240|266
663|51
300|678
535|308
43|41
315|195
277|673
276|88
573|528
762|775
53|579
326|758
398|492
19|732
955|383
651|603
969|414
664|507
612|92
501|427
793|367
312|416
146|288
926|388
591|877
472|33
443|144
620|141
805|740
713|29
975|492
494|282
847|717
678|348
458|646
585|808
410|831
573|797
835|633
863|110
600|49
657|734
114|422
435|543
613|831
986|304
284|869
137|371
840|534
121|928
654|215
821|581
964|567
841|649
57|427
568|732
27|108
318|387
750|751
964|518
434|489
74|610
89|422
36|327
934|900
945|710
263|456
221|221
450|46
52|963
885|88
21|765
890|260
195|109
819|929
42|302
704|954
920|367
547|154
935|608
894|579
645|444
488|49
102|649
33|121
16|358
347|782
163|999
475|782
50|90
524|599
237|233
138|46
377|873
332|662
270|923
866|837
250|622
127|190
116|845
292|102
141|776
809|253
827|997
252|918
193|149
100|529
408|25
736|944
30|133
545|638
793|837
237|210
81|588
202|907
247|85
749|935
673|577
40|650
560|963
257|211
952|871
513|83
821|771
726|411
823|855
778|45
638|299
570|724
688|768
167|500
993|448
722|698
406|144
648|382
657|360
819|730
610|194
27|785
478|496
763|916
495|113
490|727
849|65
744|211
803|339
905|941
521|59
73|961
97|92
240|969
844|156
242|943
715|333
864|342
91|763
491|466
230|342
586|564
31|814
947|269
673|686
177|509
157|68
96|128
771|54
129|640
100|102
881|949
729|712
804|591
849|238
373|192
909|973
107|246
839|194
376|110
879|157
285|253
679|119
804|882
333|169
484|569
997|719
19|493
480|936
345|127
64|173
998|310
47|706
798|433
813|772
680|872
872|44
280|626
436|294
42|864
291|633
148|768
64|922
855|872
556|10
15|509
28|253
890|174
755|791
243|644
630|34
66|179
670|631
635|94
458|966
845|811
825|245
104|263
420|436
316|678
291|520
373|334
540|403
147|119
20|550
318|217
168|869
514|415
913|814
948|819
520|933
852|942
551|519
875|972
716|824
884|292
995|608
855|680
482|769
25|760
426|404
467|329
262|132
970|839
949|636
829|748
443|951
834|840
898|721
848|428
450|530
513|218
952|294
436|391
511|394
481|648
343|399
906|761
321|495
475|880
606|904
533|332
874|914
686|311
7|151
215|71
349|65
34|47
178|458
65|949
681|500
281|586
850|493
73|253
12|189
855|655
705|942
435|184
994|974
975|228
14|725
382|605
378|23
531|999
554|802
344|238
900|839
468|775
838|772
76|871
972|248
438|292
632|820
749|976
304|837
82|547
491|161
588|220
756|893
535|776
223|833
646|327
852|445
396|747
323|6
318|802
926|564
135|191
398|906
506|439
406|655
661|949
966|327
715|21
659|806
712|393
649|968
880|8
216|637
688|479
580|739
595|175
671|95
672|597
999|764
485|163
586|565
726|104
418|658
84|352
140|833
444|945
505|322
22|543
971|104
187|426
94|190
871|631
382|650
452|958
507|79
986|401
182|843
476|686
715|940
251|912
757|671
779|444
966|988
350|159
386|975
942|751
395|665
675|11
218|382
159|694
689|197
389|457
289|17
3|804
78|750
997|29
263|843
115|82
620|994
550|443
406|969
911|213
769|212
816|298
287|84
769|631
254|17
299|386
573|153
155|214
657|69
449|245
366|172
958|534
814|76
92|384
196|68
948|205
884|708
790|283
470|448
63|4
667|556
531|170
565|201
2|255
959|913
572|293
65|646
930|770
655|50
644|39
485|710
111|575
767|404
758|314
613|533
119|785
70|580
531|249
424|279
252|174
322|514
952|781
162|244
506|303
124|797
693|413
686|780
843|752
263|775
248|952
724|213
108|474
455|713
879|940
42|842
538|413
765|530
562|259
735|630
478|761
456|285
114|871
292|289
809|990
53|346
49|572
313|211
722|954
6|292
90|978
34|264
929|655
896|906
521|736
168|256
746|963
626|9
993|854
275|798
354|19
959|49
524|754
388|276
16|158
274|415
391|70
731|253
452|602
440|855
585|213
232|198
781|35
711|510
689|978
108|419
536|293
451|998
159|724
992|651
321|109
136|381
804|955
395|412
546|310
904|869
335|741
45|382
869|414
632|653
212|898
428|707
14|699
295|945
3|683
133|226
75|987
707|291
951|367
773|451
928|224
401|984
991|132
892|534
147|894
165|875
552|187
969|208
154|762
454|721
549|283
875|169
793|620
72|473
321|516
804|929
387|356
139|556
653|868
681|229
431|309
432|304
230|563
503|746
136|354
101|718
621|320
516|911
923|428
684|689
593|802
927|242
424|517
53|793
354|248
679|416
398|704
486|975
407|827
322|483
915|530
836|418
987|408
548|836
769|429
341|569
252|332
550|181
607|58
945|239
842|372
878|957
678|258
618|798
651|552
228|17
151|762
264|634
221|970
458|664
177|50
447|694
733|901
887|459
520|224
474|725
874|293
473|97
908|298
545|270
354|960
743|369
661|850
634|22
126|94
258|691
421|805
787|569
919|918
380|787
29|914
65|197
895|871
760|861
578|645
558|336
158|211
907|531
378|934
578|296
601|117
993|292
836|445
441|745
499|500
790|655
372|448
480|631
697|938
831|414
674|182
817|865
788|993
351|855
93|552
965|815
798|804
21|581
433|522
826|205
38|101
345|651
385|919
895|792
924|695
125|403
644|578
263|833
823|305
154|719
171|464
809|157
894|342
122|775
82|490
841|403
58|218
360|543
22|937
64|560
860|357
552|413
659|498
429|684
329|643
686|55
166|862
9|778
772|765
286|497
639|704
876|992
402|300
832|130
56|960
11|744
297|599
65|253
201|916
520|62
962|466
523|420
797|651
396|270
241|93
268|848
837|225
508|630
858|458
835|886
471|910
551|404
229|887
557|368
297|487
741|605
585|313
365|377
185|517
511|847
663|439
579|400
97|101
857|157
110|348
672|653
86|990
276|70
914|340
323|135
296|222
988|836
5|356
422|730
412|292
933|407
465|31
60|672
816|619
661|123
769|931
922|76
750|48
268|431
500|652
702|534
999|389
954|840
7|606
86|292
55|408
718|681
737|425
727|926
675|221
91|273
420|866
318|531
68|383
452|70
724|334
558|613
707|398
606|845
352|273
850|631
676|212
8|384
919|716
474|365
279|606
241|456
796|865
275|211
748|612
151|96
492|645
235|58
900|139
391|347
108|128
524|704
405|290
280|305
303|208
330|500
467|640
554|753
738|597
285|697
257|648
622|656
188|286
916|513
852|623
95|85
751|263
887|177
219|666
523|863
955|865
292|772
757|849
989|86
922|361
495|641
931|950
235|983
299|246
373|740
618|191
777|149
790|818
639|1000
754|74
572|522
366|616
667|293
858|447
419|347
256|837
678|914
598|561
839|397
645|311
961|890
140|567
725|277
74|488
741|16
458|31
147|653
792|520
944|785
309|152
908|928
831|776
736|67
170|431
827|1000
89|145
303|589
364|220
283|124
1000|993
3|787
869|663
763|863
666|122
876|2
508|188
608|434
977|347
322|640
131|840
654|437
80|883
28|875
293|761
272|884
615|215
779|485
696|686
912|983
282|342
125|65
502|286
35|527
615|800
978|834
845|471
432|76
764|183
107|778
980|17
889|176
957|884
51|986
729|970
268|796
856|242
103|817
738|112
251|765
