545|206
248|777
143|729
256|297
428|940
942|138
463|804
936|776
610|892
765|88
938|967
918|229
16|460
40|509
765|280
167|930
495|202
132|178
703|280
458|275
944|51
190|724
397|580
243|582
799|713
794|327
371|802
454|358
241|382
610|404
35|743
937|263
995|644
54|792
924|767
992|548
146|614
170|213
542|695
991|653
869|138
189|127
178|901
844|840
110|202
414|136
476|620
38|368
31|674
321|579
907|818
709|536
478|915
221|728
896|718
3|32
830|785
308|26
735|718
895|290
723|752
807|352
832|265
283|606
245|719
274|444
231|810
883|516
962|118
38|393
894|873
720|471
47|722
351|150
894|735
216|503
638|701
548|869
885|353
8|548
441|155
882|650
73|608
282|495
186|854
734|683
987|983
857|293
259|856
31|500
835|44
98|863
272|249
470|237
80|19
715|705
735|508
622|624
535|383
146|943
177|61
517|449
241|730
437|164
63|374
337|265
779|686
253|540
698|364
87|217
655|607
582|430
527|311
342|520
35|924
871|72
744|825
401|776
741|697
330|808
412|180
172|201
628|750
216|546
926|697
852|823
452|978
590|419
418|580
311|885
343|136
627|184
464|12
408|527
957|571
602|246
942|52
414|575
976|91
300|943
736|464
480|151
302|655
725|775
775|439
796|640
810|150
359|682
276|867
997|365
960|951
744|506
113|764
660|253
547|536
347|239
147|870
487|160
792|415
601|996
682|354
613|92
572|985
890|205
425|280
214|238
151|979
227|265
770|181
682|695
369|2
494|618
115|784
100|347
260|662
956|624
546|474
160|19
857|442
427|248
680|454
899|130
413|460
703|150
619|860
56|944
783|714
270|335
127|2
943|762
685|970
928|786
490|520
638|666
86|486
973|816
152|129
430|78
139|961
672|307
241|488
774|978
225|503
968|9
545|3
369|480
877|726
870|296
179|62
501|322
964|841
509|611
349|527
380|707
319|397
924|382
624|288
47|847
618|311
469|473
498|746
382|762
751|125
341|562
592|51
614|258
111|612
853|58
651|769
462|255
319|996
686|10
917|781
865|579
970|597
906|746
510|684
975|480
628|62
750|139
156|743
269|701
427|952
646|731
390|398
430|177
637|461
479|648
720|630
794|420
467|343
374|613
807|318
973|600
381|430
712|336
86|602
184|258
296|710
504|312
612|586
745|650
556|446
652|399
3|318
444|427
518|204
760|531
684|205
397|670
69|694
342|241
689|573
780|800
901|103
659|346
650|211
144|421
448|976
841|401
803|340
63|508
179|552
496|446
972|930
131|590
617|89
323|327
554|431
109|486
132|375
26|556
893|815
76|504
94|585
346|458
538|757
878|973
150|141
450|56
565|650
126|74
52|386
31|43
309|338
909|348
188|374
174|411
533|845
137|186
835|700
835|882
948|664
410|764
609|727
870|804
211|135
377|298
413|149
586|211
6|580
31|196
448|979
942|535
407|643
369|474
734|355
326|413
777|702
631|611
702|343
863|313
96|838
804|924
331|232
683|956
241|386
888|479
312|233
869|210
927|645
191|793
967|911
410|760
956|662
95|672
953|725
400|921
232|856
818|868
297|646
446|802
686|724
753|602
513|428
309|992
3|813
30|238
87|844
170|808
895|507
167|5
500|123
623|748
772|881
943|796
558|950
319|889
389|45
797|764
250|445
968|149
527|96
68|974
616|798
520|256
117|64
970|942
931|903
562|36
792|437
221|358
3|700
632|221
458|320
734|463
843|79
971|577
778|474
740|354
140|91
97|821
389|278
226|554
966|611
89|891
912|747
583|297
462|302
416|932
320|716
185|861
481|152
248|609
249|465
324|624
538|548
534|386
471|910
610|856
618|915
619|96
208|703
479|582
288|785
768|753
594|322
469|380
637|114
730|477
682|655
90|87
559|880
479|814
200|762
96|823
416|985
698|231
174|26
958|551
115|727
507|359
66|202
658|205
272|52
977|784
580|330
156|624
548|477
970|482
483|970
297|796
901|75
328|748
224|530
444|59
107|105
73|969
649|392
628|115
281|694
201|147
667|796
325|804
350|733
344|565
75|857
272|248
453|786
213|310
178|126
923|718
415|11
622|905
918|210
649|634
834|82
730|340
637|999
947|307
901|752
470|919
581|578
92|554
677|484
979|332
917|348
186|918
103|727
159|191
414|819
306|172
952|630
581|836
920|228
936|824
91|366
638|752
219|960
226|650
692|233
21|733
148|977
769|486
90|514
685|498
596|387
424|449
478|655
920|302
838|422
977|400
957|332
886|438
797|577
151|706
275|692
561|511
716|722
108|102
964|55
85|602
330|206
849|197
790|783
845|204
440|51
596|831
929|244
368|593
32|134
913|515
162|946
97|835
895|898
683|253
216|361
727|859
692|153
584|524
549|419
763|208
801|575
310|707
624|403
943|450
908|508
318|15
746|272
16|670
808|391
114|533
802|38
718|692
409|241
751|772
189|323
877|832
36|155
878|518
541|604
285|525
262|863
652|27
361|375
946|704
18|809
601|9
876|3
399|216
521|219
800|223
412|47
310|891
277|293
775|692
692|923
739|445
542|231
103|461
632|210
931|69
21|682
864|224
916|71
803|424
676|580
960|367
366|852
734|111
194|284
856|345
237|454
423|78
604|245
249|720
684|559
517|267
359|333
787|622
302|300
772|148
435|617
67|601
149|628
882|73
523|338
618|150
167|832
807|403
905|121
615|240
383|847
621|513
2|352
873|681
765|53
302|354
317|766
45|224
259|559
179|468
656|25
170|499
739|605
756|565
46|922
819|799
472|911
136|686
808|655
126|377
831|792
639|376
421|150
895|890
942|685
456|174
669|989
224|404
799|591
131|756
977|361
383|212
521|419
790|443
767|114
406|425
916|916
97|744
933|926
433|266
926|800
935|336
315|436
394|462
944|334
937|383
385|657
99|918
513|945
593|871
37|920
177|441
230|576
905|149
998|118
794|5
710|612
692|350
790|861
849|456
620|261
57|240
378|169
604|906
540|902
53|866
674|288
498|499
530|623
535|311
674|339
932|798
597|68
968|236
743|665
220|300
283|890
20|619
780|269
967|764
215|68
30|933
201|669
440|325
747|1000
15|948
843|222
221|890
577|786
760|421
344|368
379|520
883|207
778|117
713|158
903|945
220|17
42|49
393|136
68|311
262|359
515|769
722|748
244|941
67|443
848|44
764|347
519|442
285|801
952|248
94|493
923|418
143|509
555|200
286|131
739|476
588|473
244|197
969|851
683|59
172|138
670|865
993|824
546|800
815|771
871|845
62|31
947|989
493|252
686|347
868|196
720|856
534|705
863|349
825|743
915|127
250|384
695|175
135|947
130|203
565|939
7|249
484|589
454|40
700|937
296|585
516|246
814|892
78|142
480|550
229|774
915|504
565|874
637|173
448|198
130|940
367|277
620|881
600|87
773|821
997|197
306|670
199|989
588|303
624|16
785|794
711|507
696|962
134|708
950|578
120|41
812|705
497|935
179|984
639|418
395|42
171|734
65|892
136|525
6|338
391|137
618|861
14|360
376|462
535|949
346|681
742|893
234|103
716|882
34|45
595|65
526|637
349|767
810|739
409|319
123|43
161|123
461|838
228|830
752|911
569|337
172|735
926|349
968|403
963|76
287|641
783|566
585|563
893|685
677|557
341|365
544|980
565|426
305|147
702|157
471|610
187|882
778|137
975|907
760|523
196|937
173|52
234|959
92|328
752|283
398|369
223|78
981|246
793|538
693|598
416|856
203|84
430|983
561|708
698|119
609|639
436|671
566|732
12|946
775|858
439|379
763|667
661|901
575|266
144|709
752|76
381|30
427|745
65|622
660|885
208|646
186|524
23|851
5|585
276|745
787|476
492|227
82|465
929|172
858|324
268|705
869|438
346|340
353|538
782|515
842|123
899|855
404|853
497|213
613|979
636|126
609|164
929|392
298|54
152|971
132|891
275|588
613|330
707|692
213|923
345|155
744|800
878|940
555|163
822|756
729|578
152|424
277|997
825|926
220|18
100|607
367|236
428|414
988|723
32|919
144|893
44|795
362|822
50|381
125|194
936|339
891|303
523|688
663|933
981|482
224|976
488|217
92|409
346|184
636|994
629|599
475|549
69|421
974|853
661|141
673|399
22|337
331|423
494|186
226|532
233|732
350|269
176|14
813|129
664|58
8|250
881|694
238|816
721|198
287|452
178|283
883|250
581|73
922|37
76|606
239|589
343|811
932|926
22|399
2|14
716|420
408|914
997|392
678|450
131|422
491|731
154|347
244|479
449|396
665|856
639|623
32|133
541|195
615|405
128|2
980|423
642|993
871|460
332|496
214|417
86|401
47|823
526|190
160|38
958|965
473|447
392|212
520|282
66|419
108|200
725|414
611|709
66|193
920|311
284|750
888|230
779|12
159|441
815|470
126|389
781|296
826|971
623|919
744|351
544|470
322|624
449|740
945|586
670|200
250|240
383|757
335|402
467|438
307|233
161|878
478|432
544|164
654|196
484|395
349|926
489|955
79|47
589|901
244|363
381|465
94|558
970|405
602|872
690|279
556|360
88|106
648|896
542|159
171|489
950|345
523|474
627|195
35|18
558|264
510|614
627|695
451|571
879|541
188|935
562|568
909|450
258|100
118|933
136|54
577|183
190|80
964|316
289|22
37|123
733|42
383|652
347|657
351|587
779|468
336|697
745|154
660|257
525|693
971|632
26|283
942|411
349|110
985|387
597|509
988|509
870|31
603|429
674|307
319|571
795|246
481|539
920|596
308|812
36|966
58|523
379|905
546|525
713|810
203|484
809|979
566|515
253|340
543|912
747|511
710|771
988|937
760|620
18|482
225|806
771|77
703|237
464|882
483|504
568|434
510|314
513|591
454|752
664|322
301|659
963|192
814|672
920|429
142|674
63|467
285|856
753|783
264|949
540|854
717|127
661|46
438|516
476|483
289|218
142|339
992|314
618|452
487|166
113|269
962|77
94|448
525|821
78|912
999|828
708|683
882|72
357|356
715|758
810|316
223|393
657|766
367|789
333|174
284|418
339|395
643|104
238|655
110|219
310|226
492|419
33|547
912|999
495|491
478|27
364|576
838|968
108|542
426|964
407|905
729|277
552|494
107|595
261|282
71|378
134|174
55|856
849|235
892|56
294|436
270|392
337|706
84|436
360|949
27|564
636|8
578|130
912|691
804|336
554|644
103|581
794|835
683|835
272|703
992|120
270|194
872|517
474|456
548|122
513|827
33|112
268|260
917|219
131|645
692|471
804|22
494|693
739|531
219|254
907|529
224|503
845|49
440|547
213|955
771|276
441|420
30|75
276|161
126|587
447|903
993|991
414|454
195|788
55|77
994|166
979|474
200|468
364|63
406|115
168|734
772|145
78|590
855|236
411|417
466|229
832|671
981|852
872|428
395|302
836|606
285|316
441|599
565|467
677|463
982|347
330|446
273|73
67|438
233|1000
329|817
304|730
571|455
118|788
708|187
386|918
471|227
405|50
8|697
694|937
54|180
88|962
483|12
663|119
304|935
696|930
558|173
991|491
503|145
607|275
116|514
672|422
795|289
252|120
247|896
628|642
789|941
333|578
963|203
223|117
845|636
468|303
438|80
587|635
93|260
886|355
851|420
748|720
929|381
762|811
26|20
915|612
759|372
163|28
551|216
589|343
53|957
600|334
987|610
568|497
41|294
457|371
267|200
852|743
18|813
370|441
104|582
930|413
680|244
878|663
508|951
690|147
605|717
135|537
958|774
802|194
844|523
941|656
268|648
896|416
602|687
820|948
712|692
769|993
648|855
759|857
753|332
398|765
428|175
683|248
42|984
319|125
822|705
693|677
308|196
957|977
423|448
756|358
920|106
9|207
986|424
679|2
222|491
990|17
34|505
217|510
494|594
722|643
417|107
196|299
569|592
23|213
811|814
718|386
487|796
133|765
46|202
480|141
505|778
198|537
100|687
902|238
324|330
64|688
593|69
196|213
19|568
871|939
494|745
35|197
412|628
612|36
86|429
874|898
841|484
939|781
298|19
835|138
660|702
420|190
467|704
973|669
992|892
324|457
201|598
206|445
530|979
364|276
312|472
727|790
35|268
438|937
154|363
421|434
267|159
657|511
236|872
693|950
390|895
489|635
930|585
869|646
192|235
857|141
175|860
335|981
115|133
219|971
71|755
764|969
940|670
19|817
939|299
973|247
874|800
612|619
536|913
99|330
280|825
30|715
737|343
90|861
413|409
874|796
854|319
446|596
34|221
966|573
744|346
985|251
568|730
454|767
858|9
658|842
751|522
619|331
134|479
965|173
789|607
192|31
58|296
749|442
640|426
702|535
133|799
625|909
458|734
253|293
988|204
205|227
377|552
942|172
182|832
990|426
696|819
212|412
453|274
942|921
598|63
302|219
364|382
133|973
805|84
636|65
639|795
403|146
133|768
682|801
915|748
975|680
170|262
295|290
962|354
627|660
839|48
803|826
176|667
861|754
628|66
653|491
200|812
164|348
64|877
611|431
334|284
547|128
419|270
60|47
387|872
188|878
895|409
390|114
918|319
869|33
953|122
604|695
632|225
987|235
365|556
158|48
219|173
570|79
619|333
735|393
998|515
678|925
545|362
307|773
741|626
874|461
834|487
132|704
977|779
409|27
870|398
487|172
569|160
288|580
585|316
532|170
850|722
88|218
10|326
703|675
869|371
493|78
361|997
551|243
549|57
230|66
952|429
469|920
516|863
232|118
603|428
953|224
722|385
807|393
659|202
825|358
121|119
121|251
858|207
845|20
547|481
388|751
904|906
222|730
634|143
588|60
295|27
550|136
17|81
907|624
494|458
236|992
824|441
489|49
88|250
359|199
716|352
415|584
530|327
676|888
376|127
444|255
54|633
478|877
512|115
535|968
227|310
678|697
806|205
80|772
97|385
697|59
339|970
803|211
998|917
399|451
403|307
826|370
286|417
190|879
188|725
450|973
99|462
288|372
511|785
61|380
202|594
460|526
860|166
980|891
750|752
45|33
902|582
763|138
286|963
295|906
303|24
987|377
309|401
730|969
716|874
713|599
701|829
513|316
249|880
484|377
83|177
301|585
451|682
562|48
621|336
237|66
444|199
693|386
574|913
797|190
677|289
1|39
363|306
232|259
696|355
584|911
136|531
914|760
118|800
26|904
52|181
542|607
631|181
851|22
888|469
258|2
487|892
825|436
991|275
459|103
488|177
769|227
105|514
917|194
941|472
24|743
966|606
389|227
391|5
277|918
607|195
436|282
282|76
879|281
892|588
830|532
207|298
936|481
406|327
947|596
985|270
644|941
66|177
176|555
106|856
278|467
380|272
41|26
815|819
104|954
109|605
555|35
16|864
968|16
836|669
190|566
932|756
915|270
905|288
319|471
595|62
3|940
485|528
332|484
489|409
817|52
103|357
458|54
491|302
614|240
518|61
842|463
731|595
169|645
936|703
690|593
863|938
533|318
610|533
604|13
803|355
800|968
352|762
352|142
819|532
656|487
959|506
634|23
997|501
97|623
24|790
809|101
840|612
975|179
934|29
654|97
290|311
51|352
891|215
798|168
893|905
317|485
446|477
979|121
634|41
596|768
715|979
176|969
807|493
79|405
828|100
911|299
165|785
708|320
800|916
559|653
265|583
41|807
339|158
846|544
785|47
222|741
64|418
937|659
111|83
484|441
522|241
637|189
763|805
502|283
618|435
227|212
907|331
816|612
236|770
275|831
587|951
945|175
385|788
899|209
122|524
458|533
739|710
703|192
391|420
14|730
38|339
801|157
951|497
507|499
640|939
531|250
561|602
557|184
153|46
22|523
628|937
600|760
674|287
847|444
415|456
161|60
43|151
193|975
909|717
119|437
509|47
322|896
596|621
285|497
307|916
881|768
793|870
821|75
136|270
319|935
699|633
783|778
392|878
852|107
656|460
763|603
352|724
54|734
765|577
462|643
904|387
146|38
418|495
832|407
553|391
578|400
84|15
424|537
221|840
8|126
874|917
472|592
373|468
731|401
472|695
349|14
595|939
142|643
69|355
878|309
810|699
40|562
623|240
192|33
359|61
137|835
984|922
750|287
674|630
125|791
622|832
675|199
975|906
334|893
104|623
235|246
456|150
12|917
41|975
958|11
897|262
580|204
837|128
827|581
298|414
837|53
642|761
782|420
444|781
183|164
395|707
419|626
448|959
802|771
970|995
540|87
812|919
129|329
965|681
57|414
74|557
369|519
413|403
525|791
676|421
360|715
490|950
74|284
890|232
23|671
867|87
386|967
343|995
721|384
186|611
960|34
707|571
460|465
100|104
47|265
422|318
920|688
454|909
55|209
289|627
190|282
380|765
916|78
926|583
970|21
766|965
935|596
268|86
153|336
545|115
482|939
430|51
26|726
493|308
624|110
900|8
33|603
832|286
235|804
851|928
42|676
73|895
887|40
880|907
494|76
509|434
376|427
117|419
955|406
905|674
600|501
524|465
26|878
215|921
37|482
21|494
502|139
710|338
357|762
499|360
447|92
468|301
339|43
85|463
916|397
454|595
649|940
199|585
24|588
817|161
524|29
283|160
457|436
597|319
403|863
338|821
529|646
102|303
257|221
990|417
622|715
842|815
436|755
542|556
952|225
862|221
550|415
543|61
422|30
61|337
811|203
937|326
960|153
906|483
66|841
821|468
958|55
859|615
575|875
172|43
654|703
412|208
78|423
616|915
372|950
97|382
279|705
545|295
773|368
917|429
705|466
295|606
230|76
821|903
305|435
563|490
395|878
256|463
584|932
992|82
402|667
187|524
314|680
121|650
186|801
721|563
850|646
827|521
802|83
128|409
427|218
666|17
471|392
64|701
804|132
228|836
80|486
409|502
259|923
58|413
788|676
874|131
342|396
700|509
618|725
220|753
947|17
801|34
593|382
175|97
998|166
33|436
574|516
106|29
839|619
918|663
497|760
490|247
286|400
429|561
495|189
293|767
766|724
651|934
134|885
826|758
52|147
507|718
362|419
569|730
711|873
39|641
867|696
202|20
913|835
997|641
972|572
101|345
85|733
24|160
889|445
261|686
661|692
702|926
562|831
940|272
110|927
303|178
532|359
806|726
170|610
262|691
654|901
941|40
206|875
364|663
58|863
415|637
444|129
530|340
931|725
584|955
559|180
55|773
628|691
160|524
829|100
404|683
528|513
157|753
861|142
560|651
990|875
766|930
151|17
603|389
211|494
396|224
279|27
990|71
194|275
346|883
275|591
492|694
413|704
513|221
652|346
983|201
468|223
541|483
244|736
221|920
959|136
211|539
994|497
330|379
57|391
515|976
429|856
496|223
379|763
125|975
443|136
560|116
187|645
621|873
873|979
741|971
451|911
48|654
17|742
280|790
208|7
927|58
408|478
137|616
810|642
719|53
299|423
67|644
57|650
894|752
263|994
240|609
989|96
607|223
386|572
698|233
120|645
358|343
782|410
972|273
295|175
328|86
541|367
991|218
999|456
719|116
563|759
937|561
973|425
27|641
851|232
159|857
378|745
630|656
329|605
760|216
866|124
711|114
58|106
490|312
402|266
866|177
110|489
926|970
602|659
792|535
295|269
398|247
908|644
519|823
836|317
409|925
752|681
495|328
256|521
332|517
492|804
492|594
211|280
171|625
608|376
885|714
487|640
921|731
450|47
32|360
830|468
581|180
326|913
786|307
480|582
30|137
944|395
35|617
632|686
61|792
605|885
748|403
305|464
428|239
882|88
932|975
856|19
645|201
747|6
444|216
282|727
492|621
549|465
63|657
949|785
933|394
234|705
783|447
747|153
806|462
571|659
642|550
545|171
312|552
203|895
181|332
422|200
691|74
992|999
635|793
951|384
918|532
504|329
471|243
441|146
59|440
436|231
883|808
432|160
903|695
207|750
179|164
939|313
119|70
196|119
979|888
83|97
295|158
489|749
289|33
149|18
335|861
480|686
312|717
102|764
76|769
351|906
674|442
756|369
629|537
30|493
91|872
272|18
104|58
499|300
44|123
484|161
470|708
276|258
619|101
459|219
416|987
228|758
862|661
481|655
998|234
152|403
285|713
5|821
740|806
408|190
177|559
852|878
706|357
852|364
915|824
762|131
816|734
478|827
141|301
802|133
390|825
301|15
139|987
935|152
81|107
315|1000
84|638
622|394
977|845
200|562
228|291
762|201
287|437
886|367
153|642
229|322
352|926
159|264
730|602
207|859
65|25
148|175
555|879
626|670
548|227
933|864
846|46
528|804
650|21
485|320
946|618
838|928
189|885
937|783
862|761
641|125
693|776
27|17
658|212
579|345
817|549
812|686
772|277
62|483
231|878
647|437
222|303
121|234
479|194
549|7
927|631
313|525
485|999
15|101
150|735
784|97
553|666
973|32
311|898
88|253
883|63
892|177
489|448
585|635
514|354
928|329
485|563
616|267
722|5
771|644
745|406
128|463
772|782
520|20
678|884
951|602
116|751
283|672
4|347
949|110
552|827
785|564
43|506
5|599
490|353
935|399
560|666
811|239
819|147
73|234
555|278
661|639
195|49
150|726
735|564
770|426
269|216
874|831
96|955
219|991
891|509
549|61
492|768
310|253
569|372
112|126
57|649
586|114
340|525
361|851
12|950
904|605
178|99
813|334
174|782
424|19
523|330
643|463
290|448
896|727
251|990
972|251
73|396
576|892
424|110
552|260
551|708
697|882
396|364
955|217
526|238
348|982
190|588
319|920
179|841
660|936
884|861
252|117
178|437
166|167
420|983
326|261
907|311
848|641
304|747
68|495
436|252
490|98
519|385
609|486
394|579
438|384
431|120
699|707
996|582
681|131
537|215
355|778
228|857
173|442
839|214
856|727
739|60
981|595
266|439
639|205
48|617
244|377
571|264
342|567
446|45
36|758
420|695
882|640
977|144
616|721
594|558
762|319
1000|514
234|114
882|143
424|169
921|319
216|873
722|70
515|21
975|291
582|621
561|919
304|527
79|44
680|20
906|112
146|988
273|110
23|798
312|19
244|690
194|465
206|991
127|215
436|104
811|305
729|312
512|672
278|575
761|608
262|29
740|895
384|552
447|94
949|783
895|893
658|211
499|457
339|404
401|453
553|90
830|826
516|877
104|762
564|48
987|445
725|736
498|439
461|186
347|566
209|10
974|889
227|407
896|407
590|203
184|183
473|25
778|392
241|939
827|366
72|967
709|965
867|276
190|487
20|462
615|114
817|541
396|324
591|872
486|409
802|742
456|166
622|935
712|267
202|879
616|507
154|104
481|558
651|586
377|68
930|429
869|361
90|773
828|892
519|178
424|327
658|808
771|134
732|794
939|819
811|849
642|652
947|287
441|691
459|785
260|572
61|110
388|669
638|241
339|694
670|844
370|387
26|678
478|352
288|581
292|594
49|57
748|483
230|344
575|25
651|102
854|38
921|740
94|927
32|274
863|815
306|990
282|329
918|441
595|792
442|860
372|486
76|852
343|830
180|19
420|932
583|94
418|305
415|621
784|855
826|583
985|202
257|869
207|201
151|684
234|873
141|321
660|424
466|619
426|106
933|760
795|493
251|656
879|943
673|610
511|921
532|541
272|917
377|827
695|46
575|23
767|954
918|276
64|341
14|697
435|707
883|355
763|554
36|83
357|556
175|116
127|384
582|14
958|878
848|626
865|758
613|863
201|721
762|272
49|614
306|7
287|555
379|734
280|657
848|712
898|314
57|78
461|55
744|399
345|876
222|63
218|68
312|704
55|749
826|331
460|148
398|425
741|231
850|242
482|609
48|426
543|553
834|865
217|345
430|968
775|557
486|9
632|335
691|649
706|119
582|323
592|122
555|220
2|219
708|229
777|343
410|342
495|922
846|95
537|689
761|177
238|611
915|279
750|175
953|987
404|151
137|743
633|210
537|416
617|539
291|357
139|469
351|533
376|672
233|284
323|488
634|137
131|741
996|378
814|469
44|80
174|956
177|985
692|377
442|25
950|211
218|672
189|920
597|398
679|955
67|743
362|776
247|499
913|544
578|188
157|503
102|619
947|60
57|669
161|240
395|556
156|611
679|478
358|892
479|454
638|218
815|397
31|32
133|885
401|857
972|33
956|187
584|361
716|438
39|957
418|827
281|928
122|413
18|778
616|947
695|170
260|564
564|348
709|2
30|86
625|608
950|323
74|513
581|268
405|685
907|927
798|695
765|249
674|169
776|841
977|343
869|326
599|739
255|562
309|252
284|940
202|821
565|918
193|504
293|685
832|779
729|673
511|518
766|627
818|987
958|573
835|260
978|456
261|727
783|618
589|84
219|578
65|974
860|875
726|592
426|656
375|551
306|950
328|83
987|688
219|333
731|90
972|481
325|523
643|800
606|414
108|765
398|602
717|533
659|40
97|85
650|829
663|640
931|434
389|892
98|140
2|17
211|523
717|382
292|828
345|59
243|440
715|706
910|265
507|405
830|574
75|244
101|651
907|972
844|942
242|316
962|403
984|557
776|244
451|780
196|658
479|592
359|184
526|530
414|383
439|548
694|546
648|342
37|131
681|122
598|456
988|818
451|43
176|746
319|153
499|1
52|727
839|260
41|100
134|68
104|656
927|51
230|60
834|312
993|676
399|919
993|284
917|241
48|341
350|186
815|606
520|57
48|783
835|130
672|34
692|594
146|212
35|657
610|759
467|383
361|559
350|11
217|677
563|312
279|794
539|945
841|252
969|674
891|45
684|616
557|357
321|580
456|645
374|858
546|448
838|364
536|741
677|490
711|287
732|911
665|740
618|950
737|741
848|625
481|318
589|701
116|203
95|349
549|637
370|991
463|295
820|51
476|755
381|886
508|113
668|704
726|17
100|843
375|857
116|390
615|530
573|773
833|545
459|597
937|855
686|455
833|110
131|752
844|533
232|625
511|872
186|743
512|182
96|604
44|782
864|389
173|349
462|354
180|321
210|471
66|951
572|32
745|633
88|169
113|252
624|53
801|480
825|306
744|903
456|264
817|770
873|484
6|869
188|154
475|406
692|67
824|718
763|583
488|820
453|185
674|570
95|950
124|831
307|284
79|16
371|919
386|966
948|29
518|120
411|490
787|665
58|27
70|741
793|988
670|900
214|246
181|495
25|133
721|592
494|913
437|717
163|913
558|152
966|519
425|58
159|905
191|666
576|632
249|663
850|488
246|126
187|858
596|392
447|286
137|825
40|263
803|18
757|771
183|845
247|229
533|188
249|740
133|484
677|568
94|298
219|65
565|908
970|399
164|70
366|854
22|952
462|314
210|124
504|386
492|335
708|852
412|320
895|58
54|679
343|728
854|556
493|606
31|319
54|779
407|305
516|295
249|181
757|522
268|926
275|774
59|632
827|127
548|844
53|560
213|187
522|967
587|253
254|343
467|471
133|571
562|495
957|682
207|903
221|526
131|685
634|65
986|664
355|612
715|262
233|959
809|691
848|148
729|804
80|716
405|636
853|210
583|273
906|886
265|706
268|409
30|729
329|353
788|147
516|949
898|640
968|433
876|302
761|762
595|397
413|534
513|372
942|77
167|953
251|132
601|951
801|546
305|628
173|749
923|709
112|149
401|221
730|478
603|793
929|631
474|729
422|257
686|478
139|520
946|53
317|760
342|305
709|769
646|210
522|348
692|160
440|384
631|186
424|394
290|318
719|875
905|102
904|628
695|227
821|989
642|433
174|257
358|576
749|640
528|816
256|411
938|553
516|612
217|237
371|659
268|662
338|771
848|779
295|602
250|332
8|112
471|420
81|985
894|137
294|284
118|887
135|272
996|77
473|994
382|677
616|256
744|97
166|11
496|372
897|496
660|157
954|556
294|826
308|224
326|566
489|332
770|846
195|923
382|124
963|341
562|503
772|513
796|632
220|473
360|790
301|331
156|133
31|729
28|995
79|456
366|915
228|673
753|48
975|721
292|919
996|443
60|283
288|148
130|986
121|300
70|413
316|691
71|933
731|423
794|136
635|898
507|608
923|630
699|955
772|949
484|652
864|712
977|437
903|370
888|925
782|184
128|637
457|130
653|277
647|677
628|232
631|235
404|855
544|171
548|919
915|874
207|578
548|613
235|86
647|332
503|706
856|364
185|973
256|301
324|771
769|465
175|593
457|935
5|384
238|745
946|802
74|194
556|830
41|72
640|653
744|119
801|183
863|906
235|414
966|135
178|709
903|138
701|836
455|763
357|534
508|745
298|564
581|250
913|80
969|689
34|949
525|298
514|536
981|60
537|362
714|698
836|820
577|652
748|301
436|137
8|350
895|593
735|601
336|98
282|871
458|891
663|509
317|396
748|293
429|454
825|359
443|493
830|428
217|185
934|780
5|155
100|67
589|896
301|839
379|824
761|241
482|618
338|242
735|442
422|757
433|404
407|180
518|85
511|530
558|193
592|896
511|717
345|390
459|863
558|376
474|448
163|988
649|435
147|518
965|934
295|847
807|382
121|953
955|669
892|740
274|846
622|565
448|109
703|822
984|134
695|916
742|833
371|157
582|823
700|472
747|878
499|321
983|486
83|764
690|877
211|384
879|593
711|309
710|887
191|117
797|377
542|760
698|951
358|734
533|985
482|75
513|9
115|624
100|340
349|164
117|400
207|515
357|627
682|104
950|888
376|901
762|33
261|279
541|942
824|148
426|695
559|571
466|893
859|887
843|458
688|542
395|16
663|278
534|788
430|490
599|98
917|649
726|61
863|466
356|269
841|741
766|39
235|165
78|668
657|675
673|7
250|253
155|424
568|156
701|703
611|66
766|47
433|381
986|522
382|691
731|561
877|980
622|612
376|477
207|817
514|643
968|582
293|977
495|332
812|744
413|895
764|573
668|351
932|584
102|97
863|52
264|632
981|359
303|796
298|392
359|213
299|683
555|739
769|844
382|182
501|849
908|202
168|83
956|399
854|859
685|532
864|624
39|691
107|803
619|978
13|781
998|916
398|475
263|748
903|696
493|879
965|194
199|314
607|410
750|137
189|964
576|991
202|825
652|242
312|318
545|178
612|547
329|766
434|162
386|467
681|73
444|686
799|597
748|656
332|732
901|241
81|430
132|622
994|965
243|816
788|397
973|200
414|238
817|725
393|217
463|137
887|121
557|789
552|189
586|390
689|563
890|310
102|618
229|686
501|696
542|162
205|300
794|644
184|427
895|45
410|959
771|326
630|878
581|718
583|65
9|313
978|736
48|387
579|228
408|27
971|557
692|794
248|304
711|352
946|38
193|887
538|292
656|244
509|23
863|483
443|59
983|806
505|857
9|358
482|31
231|808
521|324
687|544
174|647
592|272
824|192
131|266
420|317
457|960
610|809
518|791
6|532
797|807
138|857
614|81
201|784
274|634
45|807
616|762
644|605
271|357
253|601
614|875
760|557
519|256
936|411
476|558
4|368
509|934
516|367
423|740
60|716
391|861
852|937
641|499
83|960
918|17
731|859
740|449
10|165
420|885
480|55
445|466
700|5
583|743
222|536
303|129
863|878
959|578
915|596
167|347
223|876
923|208
508|319
974|168
175|784
510|463
679|646
934|25
98|422
584|78
407|470
32|250
109|738
482|241
800|765
600|460
189|492
980|873
627|112
222|943
917|903
329|874
738|759
105|714
750|149
689|595
81|740
246|977
537|248
226|823
510|490
999|133
526|230
492|490
861|389
112|597
100|604
265|344
758|479
916|726
313|360
653|374
357|780
534|869
776|275
632|854
242|842
734|785
475|974
188|412
923|950
919|241
233|975
511|79
951|304
96|271
878|534
583|959
906|827
957|45
584|655
111|221
890|836
311|139
131|987
917|300
437|283
560|390
983|9
256|140
18|372
951|646
239|902
94|640
384|933
634|812
88|434
800|101
9|672
674|270
166|502
342|247
409|858
867|870
537|861
983|223
848|817
462|670
792|487
475|214
301|132
579|897
388|444
685|910
589|545
909|146
225|347
49|738
18|672
116|113
210|255
618|869
922|948
963|595
837|328
664|961
545|588
34|158
976|852
965|812
533|626
44|466
489|524
117|656
722|108
441|53
327|88
934|402
480|290
440|926
124|720
598|327
137|450
668|621
680|292
190|614
946|93
23|698
642|356
71|927
435|5
868|797
639|986
548|464
886|173
422|184
225|105
632|196
930|406
722|920
302|980
396|24
898|370
512|861
575|479
451|696
918|274
439|971
519|769
540|740
517|279
182|218
58|714
667|374
435|189
648|62
886|796
310|941
37|794
727|779
340|579
403|126
950|813
72|674
377|607
939|774
842|226
134|815
593|125
254|240
571|458
219|934
559|350
899|823
589|88
102|521
953|472
328|409
185|891
564|27
567|365
767|659
591|377
166|581
245|293
324|223
584|639
208|787
674|859
872|924
292|597
230|377
681|978
376|235
126|928
881|299
917|837
122|284
698|839
713|139
448|727
425|897
961|533
698|634
26|817
874|816
198|969
216|682
242|670
330|142
224|271
997|64
261|187
129|178
708|40
520|250
569|120
836|285
201|775
645|470
884|562
472|354
526|73
91|518
900|52
768|115
384|525
603|674
280|898
138|166
232|275
454|328
768|619
549|221
461|950
77|138
373|114
280|347
140|436
189|998
967|545
343|429
529|679
67|900
891|32
853|296
116|574
448|3
869|811
420|780
474|63
613|385
597|598
879|81
83|840
840|8
853|966
383|821
998|79
298|898
988|558
618|693
29|547
784|376
904|53
822|52
288|515
5|350
690|726
251|116
291|265
954|162
982|394
304|221
22|988
20|513
903|928
101|241
36|872
249|290
25|701
209|872
829|522
521|732
69|142
101|458
35|842
622|325
573|93
449|181
111|204
971|955
328|768
657|402
377|847
264|142
466|523
310|920
974|458
96|282
588|207
654|254
785|239
917|215
454|5
828|5
671|546
682|857
432|542
695|23
549|152
252|366
594|352
893|646
300|679
61|883
760|569
502|271
811|510
277|163
482|866
596|536
967|293
346|913
287|582
17|406
379|371
37|160
23|348
782|686
549|124
331|440
103|818
738|422
452|776
113|372
145|523
403|691
582|320
294|721
383|403
404|200
327|250
675|181
92|462
748|100
140|403
235|903
87|170
146|589
507|733
32|582
190|970
627|370
705|804
39|502
372|828
568|823
534|890
645|861
184|504
876|918
869|705
177|794
543|533
775|545
489|723
148|509
569|635
862|635
40|763
594|140
373|531
277|820
645|154
523|135
418|658
464|930
349|950
615|441
919|839
792|246
853|9
328|677
486|945
47|894
180|986
430|912
976|748
816|686
927|376
136|896
212|510
709|168
672|899
299|17
169|249
555|221
9|930
95|509
452|740
903|830
71|463
251|154
693|284
801|208
828|592
674|704
513|502
925|609
748|184
32|702
500|564
494|131
65|456
929|406
176|212
75|324
47|286
239|572
290|476
469|520
976|111
74|944
821|17
471|137
598|510
83|672
811|845
902|210
185|899
133|991
810|440
321|707
704|143
798|803
446|394
324|67
744|218
257|837
377|687
506|907
399|974
761|445
55|463
843|572
372|376
350|697
588|801
137|380
649|798
347|617
854|416
669|446
696|145
173|701
252|960
498|127
910|508
597|815
884|957
143|939
950|253
878|843
985|170
280|660
811|504
865|781
332|638
963|352
552|978
726|456
964|323
19|930
620|714
668|640
902|294
781|624
175|42
626|470
722|645
563|142
448|377
266|791
485|5
484|547
378|813
109|871
807|78
695|638
172|671
617|628
493|671
264|898
888|233
488|618
613|735
634|800
122|977
742|141
521|169
427|996
402|175
317|510
754|290
865|774
922|825
958|802
291|943
882|624
569|26
504|354
403|543
511|667
949|456
61|558
115|301
607|226
441|11
694|342
678|703
178|499
873|535
290|139
676|564
31|863
658|846
706|483
186|953
120|303
129|487
628|422
26|894
55|246
271|525
754|300
300|892
636|33
564|502
924|582
708|833
575|927
928|660
448|74
754|738
797|215
716|519
343|428
382|147
326|734
121|888
229|737
122|618
233|83
489|318
342|279
530|503
995|384
355|974
342|55
3|605
573|373
430|772
821|936
388|686
210|285
203|926
924|799
982|647
268|496
472|528
271|310
657|692
613|609
203|389
835|207
594|985
20|901
221|567
766|664
560|39
946|937
837|522
966|536
384|782
570|877
202|814
249|34
146|157
674|12
710|800
259|617
919|157
333|520
711|422
177|877
63|955
592|552
972|846
849|76
329|638
752|333
724|252
475|149
577|338
530|571
558|452
293|748
291|235
202|310
282|658
826|733
891|33
218|230
507|851
118|656
76|566
952|365
354|903
260|391
133|962
944|652
13|621
198|225
241|260
673|743
221|336
654|489
941|20
262|57
325|304
474|242
12|207
405|756
652|281
998|998
569|933
469|539
973|811
934|397
757|495
655|656
653|581
995|521
565|744
138|749
489|122
841|882
300|986
927|570
387|379
286|283
573|913
504|682
732|693
79|339
826|879
410|16
483|34
8|987
972|208
451|100
499|62
150|965
35|872
102|4
178|957
134|904
546|266
686|566
447|528
905|841
316|536
493|591
930|286
445|822
259|694
516|517
210|328
351|1
594|960
572|909
492|63
827|719
234|38
543|370
666|675
156|5
357|167
816|624
807|752
182|765
448|788
794|718
831|100
498|264
611|570
591|83
182|217
410|341
841|707
231|577
212|100
415|265
844|604
178|490
949|492
37|302
953|519
736|332
981|11
571|162
471|432
896|557
223|483
436|925
800|733
699|980
188|480
528|515
714|937
171|105
678|704
246|740
953|656
469|335
731|458
362|132
925|892
970|721
824|50
14|191
641|795
707|242
344|317
250|903
149|192
929|997
80|151
239|318
144|433
940|237
356|952
162|935
25|473
46|63
969|566
161|252
783|969
55|970
533|824
450|134
732|380
713|498
548|426
501|681
300|29
1000|164
843|392
503|843
509|703
385|680
82|949
541|159
546|415
520|426
126|67
751|364
756|892
774|34
742|597
800|43
176|949
300|852
227|493
34|171
375|48
4|943
612|10
216|877
662|666
914|4
173|867
738|795
476|545
362|57
604|521
372|81
218|441
383|864
590|847
176|174
788|241
237|946
255|289
125|818
789|640
738|894
814|294
74|914
298|938
764|766
341|814
712|586
575|660
60|82
807|792
27|199
172|856
43|50
973|692
82|921
429|760
655|517
344|642
930|35
502|164
768|898
469|237
858|398
68|633
511|477
87|821
354|826
300|647
58|255
592|289
70|769
351|229
539|332
395|966
946|922
132|267
942|72
377|838
757|528
414|890
631|465
368|548
980|913
519|874
239|872
836|198
90|12
512|888
806|285
959|424
988|898
673|207
421|543
71|541
431|551
847|831
11|532
730|353
808|332
97|842
23|815
629|258
226|687
219|82
531|244
364|273
652|692
493|278
694|897
283|799
833|503
215|430
860|395
17|548
642|403
638|954
482|356
285|784
478|41
324|746
219|129
803|739
225|594
502|998
656|920
520|201
454|141
420|409
448|208
424|120
849|240
691|699
315|731
887|730
403|882
535|499
747|394
396|529
548|330
454|154
372|417
790|149
480|393
448|793
519|993
800|974
439|369
788|392
428|23
730|898
532|61
867|533
250|659
974|370
270|240
217|554
418|594
298|850
126|255
841|60
619|265
953|444
936|302
694|579
331|445
116|319
830|855
511|509
823|101
880|350
977|667
839|596
801|327
855|158
405|293
484|678
989|305
532|260
169|33
657|441
478|188
936|946
611|484
848|203
699|266
583|416
320|752
883|500
85|47
276|401
592|518
877|36
739|713
742|505
233|336
767|331
444|379
876|989
784|298
570|256
554|429
751|79
572|853
346|117
576|669
204|836
103|575
772|255
405|661
831|195
793|483
911|190
207|838
793|280
374|60
248|636
850|467
77|306
176|442
433|773
99|985
791|561
617|809
86|352
173|970
906|452
999|575
632|768
936|680
846|413
416|317
622|461
898|286
33|416
299|494
290|384
954|802
18|364
546|999
197|660
512|297
657|54
709|612
723|313
661|758
325|369
311|177
328|867
59|907
314|611
749|272
634|420
234|358
375|866
771|909
491|500
816|473
154|943
501|274
341|830
770|164
281|515
371|670
493|645
582|242
420|705
7|643
230|909
484|629
182|434
880|234
631|348
724|11
104|245
733|786
268|938
840|859
790|895
376|753
870|547
505|461
741|853
409|97
576|532
292|648
301|426
10|490
412|608
25|156
246|516
739|357
499|316
917|60
305|302
580|617
453|248
360|626
316|5
17|188
316|291
296|101
429|387
117|578
219|956
473|363
259|208
751|257
733|153
704|51
87|572
246|875
20|571
56|638
705|797
263|716
122|3
254|789
155|310
566|683
843|225
892|553
480|849
712|91
706|171
582|335
953|860
986|152
578|666
271|79
292|418
471|858
666|474
4|488
76|13
542|846
531|323
602|261
863|150
692|295
829|941
313|878
866|623
296|662
458|673
598|475
34|232
705|121
529|616
441|563
744|669
426|714
703|472
194|157
770|241
930|355
608|165
459|26
19|892
602|653
319|290
831|377
200|385
170|416
682|325
194|206
441|588
387|613
544|136
634|940
870|382
25|783
228|770
707|348
908|803
986|821
103|976
260|922
152|975
868|969
409|780
670|405
358|803
269|846
653|765
946|378
83|141
977|954
417|80
429|65
776|955
355|340
292|107
685|434
666|684
22|679
129|18
287|525
833|888
21|650
79|658
512|192
385|932
34|465
622|471
724|287
374|814
250|750
394|104
244|422
523|121
132|463
815|618
778|358
500|79
840|500
440|274
224|938
32|161
994|412
224|704
322|97
528|935
235|356
188|959
125|123
209|946
833|226
614|637
669|854
115|962
366|408
278|873
822|862
510|959
224|553
930|171
852|940
403|451
731|388
303|853
865|885
543|194
372|958
169|519
936|470
902|434
478|283
814|964
881|628
56|299
140|549
844|665
799|317
172|473
808|567
632|814
833|459
814|983
397|528
303|68
431|383
312|864
561|556
419|802
824|282
857|137
234|6
905|193
916|305
597|707
702|632
34|607
633|11
779|617
22|216
496|857
52|172
819|986
299|27
515|314
530|218
377|914
412|647
204|545
742|892
916|700
631|281
22|65
254|381
614|749
326|134
296|360
407|921
554|970
180|809
192|737
454|406
804|356
610|148
251|562
370|792
474|150
867|430
494|843
287|802
107|670
975|244
564|749
536|245
827|394
795|828
383|333
90|694
819|716
354|580
422|533
232|333
391|767
946|112
270|982
174|208
860|304
146|255
295|853
765|327
656|616
958|5
259|343
310|25
147|908
183|971
713|673
648|444
984|792
598|585
152|505
223|98
761|514
820|55
132|557
877|645
915|590
369|406
565|976
578|829
233|826
141|446
72|550
824|142
583|430
211|327
958|476
608|13
970|393
145|540
712|748
91|654
355|293
894|761
946|919
380|601
46|253
214|742
952|774
285|636
484|175
593|987
719|54
560|707
4|866
957|668
529|666
504|996
224|615
126|552
256|445
995|282
357|257
212|736
191|767
909|979
133|725
194|38
923|488
798|854
595|295
353|530
523|601
994|152
374|255
311|382
970|716
423|589
807|941
154|764
33|834
482|921
199|982
746|207
151|469
722|697
829|110
503|654
310|512
708|523
135|861
846|923
481|408
480|904
759|224
807|353
444|266
55|944
769|201
537|379
657|330
464|199
165|306
464|582
920|230
77|286
262|676
584|58
372|578
869|889
602|136
673|225
330|336
597|553
261|275
883|837
745|467
436|926
557|683
381|349
327|171
240|202
503|924
266|210
919|598
888|192
147|349
72|878
115|305
520|930
636|350
782|989
655|316
3|283
108|798
474|112
138|572
46|901
299|672
609|349
870|73
798|245
365|243
297|544
583|257
588|185
737|702
777|213
14|61
52|451
348|691
525|56
988|84
186|267
639|501
921|833
360|68
534|944
631|136
417|459
82|290
486|712
610|568
39|712
345|817
54|334
798|42
397|363
690|419
873|333
141|705
204|537
44|299
22|295
630|189
342|994
507|120
677|891
698|219
21|190
134|915
508|558
403|647
131|76
946|213
32|937
78|578
966|8
371|835
24|328
919|842
94|41
278|395
509|273
953|868
36|588
354|964
141|805
45|851
336|663
138|676
188|719
47|69
142|531
235|468
802|30
50|125
517|463
257|621
402|305
406|381
538|491
933|430
723|4
963|110
450|125
549|971
486|831
177|614
319|768
546|841
778|453
389|82
384|869
531|341
332|604
604|586
165|756
46|793
497|825
617|904
952|910
358|637
863|912
249|628
170|582
807|160
990|758
589|63
123|147
187|368
377|158
774|952
541|38
680|9
102|935
543|529
894|280
760|434
982|17
38|495
327|409
88|352
329|231
188|591
437|47
354|509
782|93
501|47
570|90
9|112
316|145
350|312
367|529
153|9
192|331
421|314
155|478
185|870
185|800
202|725
640|167
799|19
114|271
324|913
248|507
433|378
553|610
793|259
33|667
445|654
589|113
367|918
594|728
301|168
257|687
225|787
34|603
869|828
370|916
777|691
558|10
1000|500
217|355
954|717
861|816
900|473
349|219
791|42
290|45
844|555
821|976
87|942
966|633
125|991
213|838
233|776
347|403
811|391
239|469
273|566
766|381
119|48
752|802
318|928
90|598
659|961
149|268
918|342
818|77
426|511
329|262
149|700
213|137
1000|55
478|970
151|908
536|41
53|298
303|488
898|346
759|953
487|739
453|57
430|728
167|407
40|378
844|63
288|979
51|843
729|56
925|131
807|59
678|129
708|340
200|520
305|261
972|740
6|127
915|651
513|473
382|963
916|668
505|82
703|489
40|568
915|332
591|472
391|586
713|72
656|740
951|55
385|325
299|934
30|646
136|876
262|510
396|686
817|510
458|747
294|304
272|325
87|736
123|518
479|680
193|296
702|287
453|734
505|271
357|976
544|279
20|164
239|606
211|804
431|187
32|574
944|221
575|77
319|752
72|429
505|280
645|545
641|772
238|536
975|753
332|389
208|640
589|62
248|702
189|840
430|696
646|718
982|77
767|881
880|813
82|926
106|349
227|515
874|509
415|881
1|846
557|40
388|71
955|808
451|913
468|783
621|315
727|215
126|883
159|602
105|170
7|456
983|684
930|797
520|993
666|414
187|79
436|184
911|23
823|841
229|430
353|940
730|831
958|937
564|317
636|391
625|952
519|79
207|646
282|448
444|853
443|687
383|30
227|801
13|546
711|102
81|529
441|99
825|605
336|153
570|866
341|564
958|622
289|402
406|871
173|1000
764|893
316|445
406|997
750|981
779|508
213|264
437|485
288|510
84|893
556|33
486|908
804|129
119|313
293|870
983|910
907|380
672|75
483|914
168|928
281|177
942|273
314|972
942|576
81|948
708|239
536|460
504|574
64|803
70|600
965|196
130|651
955|124
680|349
276|732
195|827
261|521
144|612
60|422
969|42
902|482
81|353
356|548
402|951
18|646
647|264
954|390
384|838
784|335
921|948
582|995
263|817
731|661
56|390
233|645
947|434
457|317
923|529
564|857
536|316
758|163
625|160
398|131
885|73
17|65
28|821
675|29
508|409
240|78
816|168
110|439
365|231
1|191
599|505
155|196
325|400
137|527
357|950
72|495
292|281
489|137
618|788
839|982
785|807
830|599
29|477
132|358
412|23
37|928
47|359
260|628
464|592
462|231
198|368
975|73
421|909
232|332
564|182
902|783
544|283
108|447
547|376
313|707
569|259
594|41
390|979
741|828
371|534
535|158
281|70
231|194
554|312
475|115
405|271
740|874
173|483
491|442
476|208
500|848
682|544
338|195
628|219
487|565
670|367
506|744
400|396
730|985
317|611
813|130
584|866
47|531
517|33
799|47
953|659
983|530
111|833
229|676
507|629
634|439
7|594
127|720
144|459
616|403
693|595
379|915
793|524
860|755
139|648
695|377
778|531
382|706
911|709
115|449
995|778
810|734
778|176
849|805
225|242
251|265
331|130
973|419
385|76
199|965
90|177
705|277
270|39
484|662
669|274
356|769
653|500
70|597
636|727
368|888
198|994
289|553
35|179
381|588
399|936
521|384
929|657
72|808
526|861
451|800
979|555
30|758
922|74
926|413
586|930
192|669
95|653
680|247
601|216
848|793
550|333
510|480
609|336
420|890
244|970
219|398
759|431
138|228
769|184
567|409
904|908
633|99
134|535
33|537
335|705
617|734
939|164
54|153
704|468
820|951
798|790
743|663
579|382
914|828
696|634
428|18
476|508
49|184
53|376
522|87
457|234
789|989
968|869
293|922
1000|650
403|378
100|880
856|274
748|450
211|167
864|436
26|217
702|136
236|979
380|454
254|989
44|523
490|61
430|81
935|302
779|902
970|363
76|529
236|948
66|874
682|572
994|810
675|86
521|443
246|77
751|577
770|462
297|352
100|547
208|867
601|514
910|614
423|514
797|557
444|351
821|13
5|116
137|436
785|995
89|421
992|716
360|100
170|895
922|933
403|673
261|860
892|873
830|75
876|945
586|479
792|203
523|215
206|92
949|328
288|831
419|499
974|617
799|744
919|558
618|804
42|349
714|60
100|754
499|400
971|273
789|972
580|664
839|340
211|705
115|565
774|233
561|893
462|659
318|529
499|280
778|115
793|407
983|847
688|965
198|865
644|641
207|173
498|748
143|919
240|514
447|152
85|431
650|899
931|14
369|372
145|449
771|868
815|630
318|875
344|929
145|930
632|998
862|508
30|332
130|71
460|461
187|85
258|456
166|541
364|13
495|900
432|779
769|319
814|15
844|230
489|897
850|283
949|797
362|70
366|410
849|860
645|150
18|219
533|597
474|444
450|39
987|367
957|806
37|202
38|507
948|39
343|736
410|561
883|418
429|13
18|426
269|8
950|91
905|503
371|568
240|106
731|194
730|851
977|817
231|136
52|850
90|977
352|80
604|330
976|57
623|330
230|587
342|194
712|89
320|526
724|715
465|225
13|613
301|311
141|80
439|75
792|495
660|30
653|87
488|322
313|479
777|981
891|455
960|436
158|103
189|329
708|740
590|415
483|624
430|184
658|185
603|721
314|355
733|232
135|7
328|696
185|351
675|943
485|500
650|802
903|391
610|718
332|322
527|732
63|803
501|543
253|154
161|881
16|406
544|990
789|542
677|373
867|613
948|70
869|847
259|441
444|896
659|898
883|10
273|685
574|868
737|606
757|821
697|610
118|2
665|163
22|485
917|386
995|531
521|892
526|716
266|25
26|352
995|147
830|204
586|293
44|136
761|650
684|862
991|599
972|317
419|774
619|73
440|735
80|377
238|52
287|326
429|448
928|935
622|541
495|725
280|430
692|803
825|87
35|287
182|174
114|191
727|217
139|369
174|6
142|802
784|638
508|269
474|868
38|466
569|821
26|160
433|793
643|489
136|545
629|481
603|573
41|105
575|20
432|63
238|497
936|637
788|617
211|255
568|674
248|683
9|922
616|33
922|72
697|963
229|505
788|321
845|6
517|340
731|690
433|938
490|279
672|545
602|418
633|951
909|987
890|513
199|656
240|49
678|105
737|313
286|212
36|89
66|17
925|958
547|264
495|850
728|121
153|691
480|869
738|613
983|790
5|719
805|115
800|563
443|918
790|575
488|59
889|47
37|734
381|105
93|522
218|177
932|442
571|131
618|718
210|65
639|204
358|660
976|22
998|72
409|329
694|767
851|656
833|563
12|780
875|507
782|44
425|572
127|696
991|899
837|949
382|755
154|24
404|92
654|393
683|210
783|812
686|195
697|535
992|129
826|138
279|327
249|146
517|242
268|765
779|99
192|521
166|33
70|23
275|1
481|401
517|503
41|846
827|392
818|530
11|689
243|355
307|187
131|481
45|160
315|302
668|212
295|426
856|588
152|450
416|451
31|378
149|202
901|384
411|964
777|278
2|220
290|591
320|401
324|777
635|579
447|372
343|841
571|704
268|355
790|64
605|931
662|573
227|480
876|870
966|751
196|96
58|790
818|468
97|728
811|596
282|740
44|353
112|384
681|600
341|865
670|492
617|319
71|680
21|695
719|440
42|806
777|524
286|181
87|840
818|980
923|330
645|973
65|614
533|873
271|75
798|183
477|704
948|780
353|96
980|150
826|171
305|925
183|463
866|245
372|475
413|618
551|334
954|796
279|749
404|669
545|865
96|199
941|831
864|847
687|95
821|206
260|124
488|925
118|603
188|577
150|415
480|502
394|605
182|232
770|683
1000|83
56|743
307|253
955|136
385|119
767|803
952|805
492|187
867|686
367|305
640|968
566|328
647|136
481|88
503|51
567|343
419|8
345|680
890|725
611|249
473|378
712|743
650|265
194|349
954|596
864|808
624|875
811|799
806|258
8|356
796|79
210|422
696|744
88|369
453|983
486|457
317|525
670|941
607|825
776|952
810|261
474|644
975|591
337|339
947|878
710|402
276|574
138|612
537|392
413|349
519|683
850|530
891|921
811|66
196|868
903|35
1000|949
568|550
83|471
264|641
623|692
451|54
881|6
654|1
986|872
940|758
78|591
801|632
935|40
523|667
149|902
173|157
831|531
110|154
199|522
835|490
659|812
302|78
749|215
847|214
454|999
445|10
6|600
312|26
850|552
264|294
999|411
111|790
261|220
83|126
204|262
937|955
401|448
689|735
886|207
713|76
423|588
944|886
558|993
899|588
410|283
136|170
610|970
848|869
910|550
441|600
704|327
123|486
895|550
768|13
691|364
21|424
902|406
591|199
154|289
124|689
372|946
365|334
134|686
720|790
427|627
634|262
713|56
790|568
5|282
85|146
483|269
958|368
150|386
590|268
498|491
803|847
198|316
945|885
90|668
376|144
363|142
81|867
645|824
480|672
148|880
193|444
475|863
855|755
536|233
929|4
570|945
319|85
957|159
443|781
172|394
115|144
994|253
242|584
944|559
39|553
97|106
873|824
379|405
731|790
86|238
49|494
56|403
350|808
727|554
334|886
13|71
990|32
151|623
93|102
867|766
352|540
958|711
850|11
644|679
736|805
368|456
258|877
804|650
614|408
386|793
218|741
994|329
70|29
804|272
851|40
746|522
261|384
872|176
76|984
40|224
693|420
551|217
777|434
232|340
106|743
222|385
484|82
731|792
749|974
245|978
984|643
741|165
211|893
838|15
403|421
598|876
278|225
153|200
597|722
954|145
585|964
498|753
707|329
954|546
826|811
686|366
929|600
611|638
861|311
469|280
826|753
948|703
343|86
768|135
245|428
631|397
499|73
379|6
276|662
826|264
962|989
948|532
20|373
687|462
833|597
330|153
871|124
803|598
182|260
602|780
173|303
531|904
871|271
971|31
561|676
340|893
787|678
901|853
925|279
269|28
919|887
514|208
868|971
795|196
834|977
154|987
160|398
285|406
283|522
199|629
480|237
389|422
64|99
263|263
590|662
647|427
990|631
567|192
965|335
227|913
812|565
855|618
222|644
303|280
3|103
413|424
947|837
382|518
628|25
583|868
621|114
11|685
325|658
669|489
686|772
629|678
558|612
10|825
631|679
255|947
418|917
930|478
456|159
578|104
594|102
18|977
714|681
725|614
147|923
819|189
370|361
319|40
135|100
399|453
804|246
786|663
373|89
588|158
362|781
406|284
225|534
477|383
897|891
869|23
407|728
262|731
515|548
587|593
20|243
838|949
180|152
316|376
369|869
883|705
676|148
17|975
443|970
530|514
301|75
22|694
183|303
961|42
122|809
698|171
863|698
964|9
152|508
777|952
107|120
540|582
209|438
277|597
105|379
378|6
576|166
99|144
300|687
896|354
67|120
919|548
395|866
766|123
428|188
601|22
723|299
186|916
620|860
186|610
660|878
839|875
874|812
362|480
831|154
357|438
146|97
252|530
441|880
550|397
14|892
545|712
853|476
324|646
515|58
969|219
588|969
293|531
223|169
751|172
909|119
264|534
511|919
914|661
488|717
876|57
478|217
82|425
969|812
975|703
1|883
457|663
381|22
936|619
369|234
263|511
148|629
931|9
290|770
817|913
936|29
261|265
106|451
893|361
331|454
319|263
415|187
610|449
480|930
216|707
520|673
740|322
755|342
973|299
861|762
925|513
781|736
644|195
775|325
430|769
846|7
502|84
444|640
440|342
274|996
257|662
240|190
597|413
450|705
102|456
144|117
251|750
665|293
224|56
323|192
797|15
453|231
359|910
704|802
413|890
938|652
875|108
225|737
553|450
899|115
308|784
884|30
656|706
78|709
451|213
803|512
295|335
655|896
446|372
675|319
534|400
684|755
719|924
393|588
969|240
725|148
219|759
495|628
346|536
227|750
910|234
495|740
697|92
552|441
452|255
189|89
423|771
326|621
528|409
514|679
788|203
716|271
220|339
671|380
393|694
369|34
337|296
563|306
558|882
637|990
916|193
45|608
446|352
791|741
574|355
779|31
385|1
392|891
729|219
891|292
702|466
19|367
630|821
957|540
385|876
661|125
678|736
111|482
573|49
23|87
125|219
628|734
388|712
358|449
93|268
988|231
235|749
356|526
45|135
644|334
20|671
348|865
463|750
531|40
847|257
303|522
990|89
250|551
202|518
615|982
577|823
837|988
802|96
271|460
366|670
379|511
884|255
801|983
124|572
852|584
358|703
739|49
204|531
801|862
477|565
372|16
784|730
872|658
719|168
806|779
519|488
494|214
539|712
236|531
457|471
267|799
251|186
500|48
774|915
794|616
216|699
203|479
418|667
320|953
870|84
410|886
95|503
250|345
667|911
377|359
694|904
654|398
636|361
591|55
551|927
567|364
141|638
413|820
244|871
980|498
42|660
41|507
31|827
285|272
111|492
19|296
547|981
104|885
267|502
16|859
1|480
859|613
501|795
992|555
307|733
332|66
940|73
718|16
908|673
551|20
513|60
59|394
326|898
698|933
781|75
155|355
506|305
469|417
523|84
832|957
449|927
449|49
370|631
255|921
785|317
889|553
508|29
817|246
34|709
618|459
817|518
245|641
118|86
220|450
606|638
45|404
78|558
432|320
168|226
484|308
325|755
18|39
922|714
482|630
799|445
288|492
238|907
547|363
632|845
668|215
3|214
281|224
311|860
518|337
375|837
74|572
333|17
365|144
683|707
57|174
929|404
202|476
972|990
815|341
866|297
549|911
471|850
401|802
972|307
167|602
900|432
944|522
823|352
461|219
929|714
485|549
840|41
768|41
430|106
920|220
185|337
435|373
742|888
349|730
571|903
447|935
771|875
560|745
88|933
111|754
394|372
609|747
508|405
963|378
879|229
796|576
210|953
179|848
1000|243
729|349
238|400
59|460
537|366
211|964
395|272
742|742
697|760
623|312
309|528
605|625
297|127
373|428
770|964
186|115
435|759
235|997
924|411
624|144
444|797
635|173
378|659
438|214
18|964
44|381
901|1000
948|163
943|84
756|322
715|492
154|637
241|111
954|294
405|666
814|235
797|27
755|548
365|729
53|70
965|659
882|184
377|797
644|554
21|335
310|380
104|821
671|376
79|437
811|534
760|345
295|894
601|155
260|559
810|194
432|118
230|736
969|327
51|227
269|676
636|732
775|452
310|579
849|401
42|741
788|710
213|508
55|814
539|482
849|866
152|749
627|763
870|169
973|739
955|535
134|828
727|994
51|10
505|226
671|38
335|319
752|844
750|496
91|336
92|166
309|379
899|871
649|676
321|818
613|692
165|670
360|697
952|371
663|311
671|970
322|438
831|674
462|841
425|768
395|728
577|505
146|772
830|303
733|377
271|426
162|9
953|422
320|672
953|365
582|840
319|72
375|616
659|605
748|233
752|838
11|739
892|50
908|492
664|716
938|919
958|849
88|418
721|712
329|664
930|104
239|991
842|399
871|824
362|839
830|538
924|931
136|22
383|491
264|272
457|382
373|299
603|466
873|146
607|478
813|107
577|864
1000|694
524|709
329|51
738|394
398|232
563|120
143|689
945|578
554|280
116|718
396|962
206|310
23|202
765|37
88|806
912|595
307|793
331|795
606|985
179|827
23|841
208|861
237|909
44|96
427|744
319|98
399|947
275|305
452|790
34|5
731|318
971|774
116|947
822|61
737|495
513|370
639|878
920|858
544|173
755|484
880|762
970|777
301|16
726|453
975|691
874|544
348|411
578|923
668|756
414|85
735|701
623|457
6|761
32|65
989|247
626|378
337|969
303|354
23|438
757|132
748|319
174|916
111|45
523|263
862|670
474|10
870|389
514|831
632|503
378|116
393|885
550|304
18|522
214|628
609|34
47|352
642|232
22|686
252|884
841|275
876|188
635|113
943|400
186|435
208|1
606|224
180|191
39|48
734|436
739|262
373|277
705|790
466|768
780|429
55|618
184|894
480|591
60|51
150|949
665|57
376|569
646|828
624|38
845|761
820|921
435|428
775|972
151|536
143|467
533|667
945|137
236|806
452|786
511|458
406|636
425|19
970|826
579|711
312|307
42|275
55|951
82|483
260|184
175|339
968|517
173|688
187|126
981|865
159|981
923|588
849|934
271|483
512|42
759|476
801|347
701|698
222|250
270|346
625|734
547|108
639|163
840|487
275|237
122|635
207|321
203|199
413|997
643|614
121|95
618|419
980|964
49|681
567|4
805|209
647|166
194|766
452|686
995|930
403|667
756|98
264|499
838|425
969|340
857|416
578|735
915|397
759|802
610|50
866|953
347|388
966|491
845|399
735|744
296|970
280|933
342|322
866|805
100|168
146|904
574|971
223|871
617|282
707|974
761|184
193|37
980|743
67|596
909|508
372|971
292|687
115|701
380|95
641|523
808|810
189|546
521|296
905|90
199|941
328|427
129|12
10|769
120|180
453|283
477|858
631|923
22|921
159|918
91|949
639|259
304|101
967|336
97|129
35|473
754|609
875|879
87|343
227|642
876|90
974|473
602|1000
7|372
421|373
548|353
253|374
471|802
400|826
728|570
339|667
31|960
978|701
212|802
56|612
340|900
694|993
615|610
126|877
593|729
856|425
306|72
251|489
298|945
241|212
235|921
360|873
378|526
681|964
240|64
763|783
99|691
299|360
878|280
425|833
481|275
54|272
86|273
155|637
585|256
146|698
279|83
260|399
830|613
583|532
77|250
802|851
334|211
468|247
824|77
657|439
213|465
419|902
323|401
521|209
927|5
249|21
523|629
694|216
773|412
1|180
144|66
803|755
944|389
480|321
646|259
714|498
611|571
381|628
845|604
858|364
823|261
981|469
277|754
816|604
987|797
907|822
588|226
635|657
799|590
743|386
663|772
269|182
339|69
402|626
952|426
224|189
262|515
500|791
68|339
438|720
41|184
229|522
878|750
128|332
913|361
457|165
39|753
655|338
537|542
500|387
871|888
194|214
652|448
143|885
324|394
71|387
329|585
153|437
834|305
689|437
511|114
641|151
627|655
677|431
847|68
399|578
166|114
958|961
638|134
160|697
563|976
92|224
93|478
65|558
904|127
153|509
196|472
828|685
195|276
442|194
137|904
489|957
430|286
575|169
680|630
764|291
340|222
913|915
762|203
176|793
897|238
244|680
155|790
400|958
872|653
836|503
648|680
931|548
370|477
860|86
892|29
421|223
192|936
782|625
730|456
916|964
362|505
778|324
899|808
935|414
441|271
643|514
825|18
220|272
936|83
208|723
999|16
607|987
28|212
671|50
282|386
395|6
381|551
670|138
61|228
555|172
678|312
84|955
901|936
604|912
854|405
826|375
955|931
513|781
141|983
910|331
412|701
98|305
904|627
929|98
94|598
938|77
157|909
893|892
887|817
998|762
710|477
665|724
888|97
139|824
928|290
333|581
850|751
1000|571
950|418
399|651
933|237
424|580
501|512
309|339
241|207
5|917
993|366
492|151
979|152
613|287
270|680
639|58
746|504
810|418
300|624
109|646
369|555
104|765
485|966
404|827
20|224
433|850
936|855
761|304
778|480
598|578
302|477
192|613
820|14
603|969
330|12
91|196
395|561
341|653
711|643
99|838
210|671
865|213
108|670
282|608
965|484
273|126
32|882
253|884
959|714
145|191
958|440
935|929
520|61
550|187
239|197
290|670
419|305
106|811
269|705
61|211
784|211
474|114
467|347
198|594
216|684
889|807
837|520
752|605
981|176
203|592
508|891
329|360
680|522
104|67
379|238
346|902
477|936
752|437
780|293
272|217
126|714
109|238
457|707
924|527
973|756
959|145
186|736
825|409
929|110
784|2
50|939
347|674
330|570
813|917
259|850
323|245
715|893
238|211
590|947
56|168
965|754
390|698
759|350
369|97
259|552
389|223
874|990
351|520
148|598
979|300
844|494
597|442
823|635
82|950
661|327
159|727
77|584
255|579
565|12
883|275
714|1000
355|534
928|51
770|519
68|729
475|173
310|64
635|671
991|247
274|523
638|918
923|155
342|122
901|38
851|290
581|327
886|736
617|473
194|611
964|207
356|781
596|158
21|723
23|240
214|90
434|347
967|512
450|292
394|123
954|400
745|503
923|697
880|913
561|409
35|274
733|277
389|80
538|647
288|932
2|843
134|981
492|888
179|499
478|163
841|498
998|69
673|650
130|207
136|231
43|951
201|632
140|187
174|812
632|68
587|914
559|452
169|484
343|598
139|174
487|102
377|376
494|973
647|651
441|820
145|659
460|243
470|832
380|969
169|886
641|17
834|967
255|322
438|110
652|159
210|201
957|22
761|93
466|368
422|640
694|406
401|352
368|817
351|296
564|109
136|963
621|246
747|907
619|51
367|867
811|453
501|906
804|994
217|639
177|896
737|700
287|376
613|562
138|464
388|786
96|55
364|27
416|191
145|954
857|404
806|751
863|731
403|55
185|957
205|318
385|886
791|264
63|898
118|15
291|959
821|648
903|792
640|463
675|387
202|378
533|215
165|764
900|796
502|531
751|697
261|523
435|639
355|918
537|238
277|468
214|352
587|626
845|835
693|787
357|637
935|394
893|805
344|476
242|548
28|446
304|456
537|475
561|279
816|968
198|516
811|482
325|490
579|257
288|706
330|161
300|360
854|35
193|532
610|900
998|645
860|255
126|127
529|556
794|518
849|297
958|665
480|718
637|334
442|851
498|89
92|908
259|793
447|67
307|740
510|341
768|942
196|294
270|883
574|239
443|508
272|235
928|810
724|907
868|236
31|143
881|204
484|120
995|294
480|437
525|163
710|969
806|212
306|450
185|494
257|77
279|317
513|571
712|368
979|195
158|139
667|371
849|103
890|331
727|459
731|385
360|243
255|366
922|868
595|552
648|286
325|982
30|264
268|754
680|637
544|870
533|642
747|256
973|206
143|329
819|209
140|34
855|782
672|333
760|798
895|680
91|984
3|147
245|637
375|511
858|429
565|59
980|194
692|960
190|29
284|328
57|170
284|1
256|929
564|170
161|85
927|809
540|452
530|195
818|600
670|893
254|632
182|732
712|97
478|619
681|162
413|763
250|124
602|661
943|46
749|202
299|152
63|566
868|597
979|837
218|551
858|265
931|877
657|782
849|359
480|410
22|447
915|679
456|514
168|651
829|659
253|271
763|692
275|805
543|319
298|845
440|107
385|59
15|619
202|130
963|484
155|964
761|539
82|871
79|586
25|531
498|533
977|759
378|123
615|773
363|693
615|268
342|86
516|161
499|876
149|782
461|606
722|446
643|421
381|244
833|876
963|179
39|964
362|255
678|215
974|372
693|435
479|300
841|968
570|351
904|30
479|433
142|328
171|70
396|240
200|921
617|311
132|390
257|693
641|726
487|643
354|759
230|227
876|280
710|453
231|275
614|378
576|35
505|735
973|955
917|347
535|651
220|882
268|608
333|648
288|753
566|63
537|336
694|717
794|852
643|31
867|102
783|989
86|164
79|883
607|205
317|439
871|907
904|819
691|907
766|409
319|301
234|839
362|886
266|533
746|530
42|874
286|945
77|558
389|135
181|469
886|130
565|323
914|800
970|20
69|871
936|553
644|668
541|894
525|63
651|299
734|565
561|364
606|435
494|376
148|219
58|2
614|744
147|268
952|46
840|812
268|299
607|218
46|947
850|99
159|476
520|461
377|664
184|708
866|706
996|578
162|251
188|862
938|887
508|22
376|172
44|945
253|548
530|553
407|221
61|899
654|651
613|886
637|216
631|706
557|448
695|538
80|831
378|558
26|683
17|480
571|656
829|591
943|820
800|940
501|392
746|194
415|994
975|156
602|921
609|680
36|332
707|836
202|373
924|521
308|649
50|946
742|732
390|358
403|612
906|810
59|339
458|427
838|892
966|535
628|758
275|155
138|956
699|237
40|772
274|991
700|729
457|196
39|470
564|455
256|474
233|20
893|191
473|490
243|839
935|65
450|103
597|260
491|386
183|572
905|681
627|846
453|646
466|42
526|762
665|662
775|945
917|914
81|553
435|701
966|646
151|170
1|244
485|303
837|927
348|356
420|368
171|513
641|870
508|877
375|952
336|77
302|392
102|872
134|574
612|368
871|664
907|352
820|122
250|343
320|107
154|153
633|211
688|797
734|481
440|763
975|973
930|996
312|95
629|676
665|674
45|842
49|291
490|242
832|996
427|594
786|782
137|585
967|329
661|756
410|314
958|475
151|43
380|426
214|174
182|58
365|952
881|847
637|232
497|261
33|401
936|705
627|516
250|341
169|918
733|107
627|284
565|963
794|508
545|627
277|447
476|230
246|649
789|420
986|741
464|568
205|124
610|911
316|711
56|580
742|115
793|177
501|70
937|594
541|235
743|378
921|355
338|37
642|410
908|813
966|492
790|612
830|456
904|543
61|517
901|423
617|933
265|51
737|802
532|252
664|151
20|326
785|923
43|356
551|981
943|185
319|798
495|361
621|826
666|544
627|54
534|980
456|464
843|740
275|222
595|886
729|412
473|493
124|247
567|521
254|13
165|416
82|472
237|286
93|671
881|700
52|987
607|743
155|906
367|891
714|284
56|559
5|718
283|322
407|870
346|805
25|827
698|841
996|89
282|430
480|636
101|35
761|523
325|149
814|890
601|559
356|776
693|900
893|480
112|732
73|820
522|988
902|348
966|394
10|890
309|760
114|801
20|336
758|135
898|176
677|605
301|271
454|132
453|293
857|17
294|824
864|297
65|502
213|543
775|123
959|684
171|716
730|710
951|136
530|883
276|251
113|294
89|796
681|621
799|81
57|881
340|996
598|721
126|863
266|477
383|27
180|390
208|228
957|897
674|21
1000|566
910|914
885|271
55|625
922|165
379|870
393|842
271|938
387|957
832|103
385|463
665|93
136|282
643|404
801|837
929|136
758|151
294|939
479|750
200|413
364|281
801|403
562|665
291|278
862|306
24|868
361|195
471|185
177|123
687|677
503|630
108|966
626|61
158|100
431|649
212|418
508|534
220|443
535|332
391|644
787|534
946|216
166|162
547|391
567|122
829|717
966|754
739|324
373|188
512|900
392|800
798|779
350|288
107|642
296|603
89|125
608|304
689|234
632|176
652|440
648|577
829|136
13|570
900|31
996|153
270|70
725|762
445|78
131|859
332|197
617|275
620|758
236|701
469|407
603|78
974|694
705|6
889|137
531|857
81|484
161|540
469|734
156|704
853|750
227|16
354|496
964|70
315|34
397|668
893|774
615|820
545|638
572|196
615|601
476|652
14|427
792|983
34|155
854|889
81|872
681|160
622|439
538|804
965|280
603|912
348|62
320|424
533|396
952|337
923|814
971|421
324|242
949|127
925|599
870|821
908|395
129|817
584|914
358|12
743|215
864|19
279|577
785|979
973|201
449|540
722|436
557|661
928|617
939|621
831|744
874|579
770|240
14|207
389|418
124|791
598|940
321|430
725|307
78|317
183|964
399|559
941|304
558|96
794|491
218|246
380|184
303|17
934|90
926|89
695|367
491|858
41|596
8|233
758|72
45|327
513|785
995|33
887|373
821|326
765|696
742|164
746|436
577|336
790|472
824|36
107|735
442|564
321|280
111|405
711|846
167|546
845|356
233|450
818|652
136|647
819|118
108|190
757|226
285|236
891|338
746|112
781|970
521|711
857|295
335|205
766|152
152|894
463|336
972|185
368|346
220|990
169|323
791|140
333|151
746|793
667|331
461|323
124|658
99|811
87|211
51|847
770|91
492|670
135|934
834|330
621|123
668|472
194|800
801|764
229|577
555|904
87|550
529|513
302|728
804|992
245|778
929|752
651|332
251|21
443|578
151|755
943|389
413|701
156|189
296|23
339|949
869|909
279|931
284|35
442|209
625|602
350|287
507|180
508|742
345|994
85|687
271|308
406|181
282|326
553|927
563|899
574|550
136|848
122|804
526|356
88|517
971|953
849|442
470|405
999|358
798|542
935|849
496|242
781|735
831|33
976|305
835|522
443|487
800|173
219|962
968|688
371|323
484|833
614|411
940|261
635|191
534|318
80|199
639|363
623|608
257|680
196|508
902|107
164|308
514|527
595|805
102|726
21|786
627|734
352|65
855|586
480|928
251|770
356|787
465|847
755|724
771|419
810|990
621|465
142|347
14|55
343|114
304|662
997|970
201|418
198|966
391|292
631|635
155|584
515|941
231|436
921|215
30|235
204|17
682|706
305|965
790|474
449|657
910|895
505|724
175|477
590|416
544|439
943|644
541|575
589|398
649|390
15|902
991|109
340|950
516|734
581|655
330|35
796|722
525|446
2|672
154|949
380|911
692|611
432|121
805|716
458|434
514|441
758|433
401|581
124|787
619|933
676|873
343|842
303|371
414|613
632|339
193|191
670|353
730|193
18|394
384|251
924|444
102|617
183|426
210|282
653|471
619|435
545|826
529|226
161|408
970|997
879|855
916|876
961|176
524|395
746|645
698|834
758|424
737|744
634|514
882|921
895|88
624|447
700|396
142|690
965|345
678|360
777|572
886|344
204|654
700|71
845|960
798|502
411|119
276|282
354|819
302|987
567|455
693|467
47|124
226|68
692|339
548|429
322|92
919|667
515|944
969|650
278|517
863|727
124|280
753|257
316|121
304|291
578|234
58|921
644|12
396|754
11|668
436|203
998|500
753|838
478|926
726|331
788|315
947|696
87|496
583|356
828|396
192|542
181|93
506|18
698|326
360|234
101|119
332|549
626|632
316|383
247|448
30|183
935|760
825|866
85|40
464|676
402|895
40|306
499|899
526|559
696|537
918|159
95|880
958|962
405|323
519|199
830|516
649|79
220|947
203|961
886|381
647|410
442|626
927|952
475|431
572|398
300|217
281|223
581|296
652|814
805|746
839|293
588|178
25|463
653|763
134|693
117|509
534|72
613|426
938|98
631|124
368|582
364|684
144|868
647|822
629|945
433|399
878|64
770|844
403|724
385|202
22|148
862|273
588|725
369|51
779|897
18|321
716|673
171|136
373|374
865|384
915|269
644|507
873|828
891|484
177|983
255|351
211|572
311|827
923|829
226|230
996|953
82|919
791|767
688|771
249|229
737|201
823|851
332|537
471|496
778|615
525|879
800|552
332|768
135|881
136|480
445|577
465|778
446|597
612|922
452|186
644|383
888|492
539|841
227|428
566|542
73|69
766|502
660|796
116|853
495|240
392|699
962|969
820|817
847|71
344|324
578|47
250|312
80|8
612|408
373|70
495|370
689|10
830|835
838|933
326|229
838|31
821|980
48|33
634|240
858|604
269|282
477|603
832|928
277|211
909|727
988|946
875|441
455|837
426|694
595|445
529|321
37|669
537|833
848|436
36|131
559|717
655|129
430|96
804|38
1000|62
686|988
868|798
707|140
861|299
478|445
600|831
489|589
82|835
490|13
887|739
219|36
189|29
542|297
864|104
512|233
604|1000
374|440
466|689
431|237
848|441
798|161
244|382
852|585
497|59
363|468
599|54
227|727
633|138
55|497
114|625
483|728
165|428
172|381
713|590
229|648
914|732
838|548
771|571
886|781
383|840
477|124
587|84
162|41
655|772
417|438
866|186
492|458
950|533
158|927
383|250
126|215
52|23
299|532
38|460
956|14
646|619
358|191
577|737
688|328
462|393
837|918
111|292
127|185
738|101
761|804
432|628
636|199
334|299
981|27
30|765
294|937
380|821
206|835
959|253
816|139
365|875
48|419
14|296
621|151
171|460
412|281
848|900
171|894
607|784
179|513
296|666
482|815
632|792
851|540
261|670
70|50
974|57
994|560
585|387
497|408
445|247
703|801
241|8
201|339
336|893
875|3
264|447
880|278
617|692
670|272
542|6
528|606
948|203
720|156
638|913
660|999
177|9
256|541
367|107
24|858
755|242
542|685
349|388
925|601
766|523
275|113
980|434
1000|623
281|922
483|849
367|116
382|506
248|293
718|730
304|469
770|778
242|368
570|490
430|625
93|122
314|288
167|645
591|947
9|708
561|923
842|145
46|446
833|979
991|933
370|373
145|879
492|324
65|146
738|79
839|100
850|796
317|519
909|342
585|401
237|644
103|331
380|121
481|732
746|539
260|356
920|996
766|980
256|113
352|656
356|158
135|539
27|220
981|5
69|926
467|669
222|893
315|877
616|535
400|676
617|748
925|448
718|555
519|406
279|888
167|372
150|44
282|352
133|352
505|596
513|70
802|713
540|634
328|36
525|513
268|535
592|626
758|408
905|412
940|960
153|385
647|754
9|525
690|735
822|161
705|252
540|144
407|113
341|58
441|701
177|446
814|980
648|91
4|111
279|786
748|436
482|845
980|228
227|616
410|819
413|43
788|195
821|280
782|411
249|249
258|496
885|402
607|922
945|338
243|57
502|935
282|547
287|738
544|496
433|291
291|986
615|600
821|909
513|856
993|225
999|52
26|560
691|519
907|979
357|298
952|139
950|260
173|556
712|414
878|233
515|423
975|661
796|358
879|720
134|534
931|652
392|683
677|781
549|339
464|210
687|204
543|869
151|500
848|659
786|891
550|443
626|168
308|597
356|901
686|754
460|909
589|815
241|722
839|856
893|296
384|948
205|960
441|558
549|509
352|911
617|802
54|728
163|458
985|248
595|454
30|629
258|159
794|419
344|127
890|11
825|599
58|842
899|634
741|251
289|174
495|255
300|623
509|109
691|893
643|882
636|123
697|954
863|298
771|799
491|269
582|459
156|738
663|141
58|597
507|80
111|440
365|183
588|13
337|199
781|421
826|364
611|328
593|570
161|826
752|472
89|881
342|692
379|715
92|64
803|286
647|250
459|624
395|195
227|53
408|418
167|129
228|899
280|354
705|808
548|754
891|413
351|941
661|853
978|271
11|488
43|696
155|403
94|61
567|910
267|302
44|860
281|414
725|581
289|968
472|401
320|796
593|24
575|163
310|159
619|631
970|798
152|798
689|425
974|906
485|394
278|490
335|922
322|815
278|396
661|935
903|740
321|896
193|602
701|585
708|45
854|594
176|926
261|713
740|331
414|621
536|801
67|257
98|600
754|967
752|923
441|84
322|771
552|756
152|442
505|495
869|597
257|827
727|66
190|821
286|658
391|662
494|138
185|312
61|439
123|927
761|190
444|822
598|242
224|207
760|346
435|834
487|548
972|755
89|439
412|745
30|784
373|236
742|636
669|957
103|344
613|529
926|787
30|486
244|578
944|892
638|24
471|832
353|184
915|438
831|308
846|432
474|476
291|40
83|365
523|693
173|453
384|191
270|831
622|938
931|476
962|263
648|744
653|320
691|525
615|295
979|358
617|627
20|278
725|435
583|740
738|794
485|139
303|877
96|914
452|303
691|904
385|999
743|708
6|871
476|110
900|436
74|960
560|89
964|873
902|873
637|452
141|637
402|110
697|171
345|359
981|506
959|924
391|758
500|754
942|635
74|367
109|294
42|607
230|959
756|52
194|734
225|845
199|238
891|941
929|378
412|884
649|675
502|245
120|791
587|82
135|201
113|647
104|309
464|802
901|207
776|186
631|48
632|228
567|924
311|311
226|96
867|134
416|881
140|464
922|773
980|112
238|411
163|377
406|525
127|870
178|389
789|700
557|405
675|96
941|625
495|815
218|762
785|987
33|46
843|326
766|27
678|419
16|52
505|384
729|38
846|526
851|163
533|656
806|717
32|212
314|763
886|932
914|126
109|839
42|703
334|492
664|850
531|924
787|888
747|314
888|76
869|957
386|337
584|962
356|495
528|333
10|534
421|124
176|867
833|509
814|57
332|283
80|280
243|194
956|120
712|675
294|682
72|9
647|867
727|117
176|546
965|16
939|221
847|422
652|666
249|502
603|942
889|4
161|642
18|409
423|566
732|962
581|353
470|663
500|230
514|334
307|179
912|601
289|971
4|715
243|738
980|597
736|208
616|60
960|909
783|792
869|213
315|564
273|370
644|259
808|967
406|671
418|425
299|243
754|308
327|831
844|979
86|166
462|260
808|42
714|824
867|723
173|339
574|1000
459|669
219|379
397|480
24|992
449|78
947|4
538|144
874|525
552|968
456|480
156|703
167|902
531|906
489|583
591|545
289|439
421|594
321|512
637|286
422|346
101|463
954|958
543|786
837|373
528|435
56|757
169|559
595|251
90|471
790|276
41|759
307|707
883|525
728|247
681|5
624|579
408|283
287|921
752|441
817|962
498|963
552|77
210|746
255|679
83|271
472|93
240|799
341|755
380|907
733|344
185|154
116|612
233|897
381|324
344|969
37|96
701|543
167|935
440|395
73|827
570|757
252|185
256|87
507|959
971|672
313|42
201|600
119|166
678|265
763|171
784|566
670|266
508|501
80|38
591|392
545|492
859|767
114|286
582|468
226|692
355|390
3|352
844|874
219|843
874|809
117|801
745|413
427|304
47|547
939|180
866|179
662|623
736|32
748|970
983|253
3|537
402|771
94|324
463|639
472|820
325|306
415|674
856|270
338|514
29|989
206|946
613|915
534|173
615|960
883|863
476|903
944|967
904|209
184|645
314|674
343|284
225|672
601|598
737|233
818|321
285|849
309|389
897|380
696|610
735|609
780|351
644|624
938|269
863|891
970|636
614|519
16|19
812|112
944|900
798|139
546|748
662|754
120|987
392|735
838|310
286|632
495|322
807|999
22|5
366|417
192|721
739|140
14|816
955|343
694|627
411|868
4|187
567|569
74|358
260|790
250|481
181|387
433|135
131|551
785|903
185|25
905|640
468|823
775|973
272|471
275|671
856|50
130|301
574|235
560|93
62|940
648|933
687|54
801|798
947|913
242|83
357|918
799|483
963|803
954|570
596|290
976|97
42|768
311|638
9|377
201|203
219|384
558|605
481|928
454|648
578|446
644|93
111|295
426|49
417|116
358|25
57|571
971|250
23|602
770|864
265|505
486|279
966|203
644|916
531|278
56|393
772|192
818|742
611|665
120|609
626|129
480|288
736|310
487|722
497|672
702|709
3|606
583|731
495|723
452|270
491|364
502|187
461|278
836|806
369|271
848|30
576|721
456|283
449|766
699|603
698|348
951|375
741|208
233|338
377|749
969|9
156|198
96|46
100|936
407|542
919|614
392|485
929|218
251|563
395|464
15|492
897|254
518|799
654|359
61|945
904|236
520|669
289|623
679|680
355|582
855|777
106|7
136|434
87|503
341|169
636|284
86|249
797|449
150|60
400|132
204|978
657|101
152|832
243|503
635|854
265|930
756|429
74|483
925|730
674|890
999|401
334|697
158|273
137|689
992|109
685|243
420|623
893|835
119|235
932|753
614|337
977|768
398|856
210|966
663|838
11|301
379|666
551|139
452|45
71|386
931|655
539|253
176|528
749|456
480|776
506|354
568|875
583|339
470|423
683|661
633|931
706|60
327|929
646|566
478|898
605|586
582|400
149|398
840|913
258|488
692|469
786|838
856|17
595|652
863|923
377|364
669|122
695|512
211|279
465|938
670|724
560|921
154|243
758|972
865|772
807|780
858|877
342|721
95|104
141|417
441|999
825|649
832|536
576|310
592|739
637|98
535|507
133|428
787|480
464|878
203|377
636|787
640|937
54|199
141|898
629|189
962|101
297|640
113|864
676|881
496|147
936|127
786|417
652|845
833|704
3|553
961|114
522|161
814|316
122|493
174|922
818|657
723|529
129|362
999|320
96|724
531|638
969|522
850|321
716|61
605|341
543|384
648|513
106|449
368|608
39|315
743|965
568|499
729|128
294|986
517|687
342|492
752|675
314|941
549|406
540|451
353|881
547|130
409|640
866|579
191|707
137|465
443|424
950|884
257|176
141|837
290|245
356|296
479|621
534|868
28|964
976|543
388|910
163|546
932|863
526|590
378|75
78|124
267|462
114|423
659|636
276|882
79|671
700|360
666|898
27|707
615|936
838|953
755|769
453|252
26|543
747|602
52|680
73|669
133|169
974|235
875|836
774|598
123|939
616|379
319|21
248|604
364|585
41|379
234|590
21|970
423|536
135|985
27|428
76|876
680|35
79|928
171|420
550|349
565|290
739|723
199|89
768|169
683|783
118|466
548|225
137|894
306|67
893|876
825|316
994|588
966|956
527|810
98|576
479|998
662|705
720|335
797|546
316|207
147|309
933|119
411|429
64|293
844|276
836|542
793|42
270|319
292|572
897|188
601|989
187|229
299|649
809|282
951|787
352|182
455|410
344|191
646|8
368|869
146|937
55|608
48|211
17|667
643|194
361|677
565|182
809|349
151|951
907|156
803|450
154|636
79|447
311|82
495|982
883|901
77|272
80|4
562|80
935|349
172|954
382|961
104|96
360|524
15|974
610|172
623|98
168|416
269|641
707|766
612|396
664|197
520|626
890|690
442|519
370|147
285|363
109|488
577|280
183|29
228|861
44|142
173|820
809|653
352|148
530|725
712|486
372|516
423|304
889|745
141|826
203|356
704|253
534|24
547|316
228|603
586|613
481|660
914|410
211|735
137|99
186|87
339|560
124|696
650|819
404|12
404|521
531|420
297|421
664|491
249|471
750|750
386|150
956|60
906|957
992|653
491|18
876|493
942|122
787|115
668|355
933|726
25|124
251|26
858|826
592|278
519|12
924|642
327|751
377|795
937|840
379|485
442|512
843|993
417|213
427|222
592|595
247|69
645|999
62|209
888|224
289|885
192|444
8|497
856|551
557|709
168|724
470|724
911|226
940|202
980|825
409|331
517|933
948|141
454|853
547|463
712|740
773|41
814|727
805|423
244|984
767|274
90|614
145|369
831|516
979|183
21|937
662|664
145|735
899|436
115|467
413|387
749|461
952|652
75|37
310|687
29|870
51|785
400|143
572|305
675|283
498|434
504|535
625|458
966|18
620|230
80|328
776|551
26|666
623|10
934|720
515|640
112|28
17|109
21|40
337|991
79|799
947|379
296|630
994|489
914|114
120|454
420|579
368|344
79|51
885|135
504|236
682|103
386|595
277|654
929|235
643|816
42|972
899|649
268|716
958|42
663|644
592|840
948|308
489|795
985|349
282|407
795|238
17|143
348|34
296|447
384|995
882|525
837|816
686|995
29|328
498|192
237|852
783|693
358|765
311|759
15|346
750|148
143|809
583|71
229|207
872|928
479|503
949|216
295|899
569|156
932|161
516|723
794|96
899|398
143|700
513|860
241|439
16|143
992|350
847|82
503|115
441|3
144|667
500|339
771|102
501|300
528|659
229|769
177|146
828|575
328|588
530|681
834|494
242|344
954|499
971|344
260|39
963|729
514|464
430|575
259|92
650|575
97|641
9|747
711|359
769|702
619|961
908|260
653|159
452|329
663|413
384|652
417|210
295|792
705|187
772|517
239|446
265|807
542|665
877|899
161|756
762|217
38|481
705|194
646|337
725|32
631|638
854|181
111|509
503|886
962|426
524|337
859|360
858|353
507|897
844|882
297|504
65|257
818|192
836|915
887|58
532|618
958|127
710|738
523|454
500|140
659|633
243|489
857|267
238|124
622|569
401|840
625|427
49|744
525|869
270|472
689|793
484|104
243|466
709|86
732|372
986|164
216|428
207|497
490|524
883|46
574|75
886|967
366|757
446|82
88|725
497|690
274|899
332|833
742|182
635|680
722|804
629|335
833|639
191|858
859|562
393|799
892|750
143|141
433|491
431|974
929|436
913|876
507|148
123|974
805|622
123|548
81|319
127|64
685|91
489|833
633|252
3|426
768|33
697|196
272|493
332|16
259|560
901|274
167|783
323|979
589|301
611|773
531|684
167|235
389|113
18|28
536|1000
213|287
570|993
756|659
577|648
779|288
497|279
269|887
87|406
31|162
819|578
664|252
644|249
217|942
666|906
167|1000
782|103
415|740
580|146
102|690
499|262
476|306
189|654
18|917
929|680
611|457
623|782
866|120
224|538
394|302
223|387
973|407
677|277
895|498
751|281
267|904
389|459
428|349
441|883
543|420
782|771
648|647
651|104
918|280
566|954
115|330
948|972
220|958
462|162
919|531
536|56
813|331
299|669
306|235
825|539
308|790
95|453
91|855
260|464
110|299
399|62
622|884
221|589
439|527
854|41
854|489
304|420
59|438
943|967
103|178
269|625
740|161
518|499
412|406
283|197
317|99
222|387
29|134
753|604
679|790
639|876
594|23
963|901
102|979
899|464
324|385
196|493
12|684
340|280
538|130
704|431
111|881
106|234
654|58
216|254
855|12
520|255
129|571
635|127
801|625
333|128
714|259
981|234
782|122
717|946
708|607
900|309
503|911
416|595
593|616
102|970
327|535
455|717
428|642
696|818
198|42
907|560
559|304
688|494
213|275
746|169
69|215
719|643
803|700
641|648
67|838
72|511
635|483
633|768
443|453
875|247
903|790
299|437
744|353
322|691
887|474
718|161
285|808
451|632
674|658
187|201
331|253
364|99
773|552
650|59
789|834
18|347
136|904
564|851
586|105
806|909
341|113
365|910
956|826
752|116
877|928
165|877
787|269
108|33
763|387
111|430
293|548
991|571
85|789
384|654
919|657
706|105
203|513
896|22
85|136
928|484
323|863
